   0.00000   0.20816
   1.00000   0.18534
   2.00000   0.16655
   3.00000   0.15223
   4.00000   0.14117
   5.00000   0.13223
   6.00000   0.12477
   7.00000   0.11837
   8.00000   0.11279
   9.00000   0.10786
  10.00000   0.10346
  11.00000   0.09950
  12.00000   0.09592
  13.00000   0.09265
  14.00000   0.08967
  15.03330   0.08591
  16.03122   0.08358
  17.02939   0.08134
  18.02776   0.07925
  19.02630   0.07730
  20.02498   0.07546
  21.02380   0.07374
  22.02271   0.07211
  23.02173   0.07058
  24.02082   0.06913
  25.01999   0.06776
  26.01922   0.06646
  27.01851   0.06523
  28.01785   0.06405
  29.01724   0.06293
  30.01666   0.06185
  31.01612   0.06083
  32.01562   0.05984
  33.01515   0.05889
  34.01470   0.05798
  35.01428   0.05710
  36.01389   0.05625
  37.01351   0.05543
  38.01316   0.05463
  39.01282   0.05387
  40.01250   0.05313
  41.01219   0.05241
  42.01190   0.05171
  43.04649   0.05078
  44.04543   0.05015
  45.04442   0.04953
  46.04346   0.04891
  47.04253   0.04832
  48.04165   0.04773
  49.04080   0.04716
  50.03999   0.04660
  51.03920   0.04605
  52.03845   0.04551
  53.03772   0.04498
  54.03703   0.04447
  55.03635   0.04396
  56.03570   0.04346
  57.03508   0.04297
  58.03447   0.04249
  59.03389   0.04202
  60.03333   0.04156
  61.03278   0.04110
  62.03225   0.04066
  63.03174   0.04021
  64.03124   0.03978
  65.03076   0.03935
  66.03030   0.03893
  67.02985   0.03851
  68.02940   0.03810
  69.02898   0.03770
  70.02856   0.03730
  71.02816   0.03691
  72.06247   0.03638
  73.06161   0.03602
  74.06078   0.03565
  75.05997   0.03529
  76.05919   0.03493
  77.05842   0.03458
  78.05767   0.03423
  79.05694   0.03388
  80.05623   0.03354
  81.05553   0.03320
  82.05486   0.03286
  83.05420   0.03253
  84.05355   0.03221
  85.05293   0.03188
  86.05231   0.03156
  87.05171   0.03125
  88.05112   0.03094
  89.05054   0.03063
  90.04999   0.03033
  91.04944   0.03003
  92.04890   0.02973
  93.04838   0.02944
  94.04786   0.02915
  95.04736   0.02886
  96.04687   0.02858
  97.04638   0.02829
  98.04591   0.02801
  99.04544   0.02773
 100.04499   0.02746
 101.07918   0.02709
 102.07840   0.02683
 103.07764   0.02658
 104.07690   0.02632
 105.07616   0.02607
 106.07545   0.02581
 107.07474   0.02556
 108.07405   0.02531
 109.07337   0.02506
 110.07270   0.02481
 111.07205   0.02457
 112.07140   0.02433
 113.07078   0.02409
 114.07015   0.02385
 115.06954   0.02362
 116.06895   0.02339
 117.06836   0.02316
 118.06778   0.02293
 119.06721   0.02271
 120.06665   0.02248
 121.06610   0.02226
 122.06556   0.02204
 123.06503   0.02182
 124.06450   0.02161
 125.06398   0.02139
 126.06348   0.02118
 127.06297   0.02096
 128.06248   0.02075
 129.09686   0.02047
 130.09612   0.02028
 131.09538   0.02008
 132.09467   0.01988
 133.09395   0.01968
 134.09325   0.01949
 135.09256   0.01929
 136.09187   0.01909
 137.09122   0.01890
 138.09055   0.01871
 139.08990   0.01852
 140.08926   0.01833
 141.08862   0.01815
 142.08800   0.01796
 143.08739   0.01778
 144.08678   0.01760
 145.08618   0.01742
 146.08559   0.01725
 147.08501   0.01707
 148.08444   0.01690
 149.08386   0.01673
 150.08331   0.01656
 151.08276   0.01638
 152.08221   0.01622
 153.08168   0.01605
 154.08115   0.01588
 155.08063   0.01572
 156.08011   0.01556
 157.07961   0.01539
 158.11388   0.01517
 159.11317   0.01502
 160.11246   0.01486
 161.11176   0.01471
 162.11107   0.01456
 163.11040   0.01440
 164.10973   0.01425
 165.10905   0.01410
 166.10840   0.01395
 167.10774   0.01381
 168.10710   0.01366
 169.10648   0.01352
 170.10585   0.01337
 171.10522   0.01323
 172.10461   0.01309
 173.10402   0.01295
 174.10342   0.01281
 175.10283   0.01267
 176.10225   0.01254
 177.10167   0.01240
 178.10109   0.01227
 179.10052   0.01214
 180.09998   0.01200
 181.09943   0.01187
 182.09888   0.01174
 183.09833   0.01161
 184.09779   0.01148
 185.09727   0.01135
 186.09676   0.01122
 187.13097   0.01105
 188.13028   0.01093
 189.12958   0.01081
 190.12891   0.01069
 191.12823   0.01057
 192.12756   0.01045
 193.12691   0.01033
 194.12625   0.01021
 195.12560   0.01010
 196.12495   0.00998
 197.12433   0.00987
 198.12370   0.00975
 199.12308   0.00964
 200.12247   0.00953
 201.12186   0.00942
 202.12125   0.00931
 203.12065   0.00920
 204.12006   0.00909
 205.11948   0.00898
 206.11890   0.00887
 207.11832   0.00877
 208.11775   0.00866
 209.11719   0.00855
 210.11664   0.00845
 211.11609   0.00835
 212.11554   0.00824
 213.11499   0.00814
 214.11446   0.00804
 215.14879   0.00791
 216.14810   0.00782
 217.14742   0.00772
 218.14674   0.00763
 219.14607   0.00754
 220.14540   0.00745
 221.14474   0.00736
 222.14410   0.00727
 223.14345   0.00718
 224.14281   0.00709
 225.14218   0.00700
 226.14156   0.00692
 227.14093   0.00683
 228.14030   0.00675
 229.13969   0.00667
 230.13908   0.00659
 231.13849   0.00651
 232.13789   0.00643
 233.13730   0.00635
 234.13672   0.00627
 235.13612   0.00619
 236.13556   0.00612
 237.13498   0.00604
 238.13441   0.00597
 239.13385   0.00590
 240.13330   0.00583
 241.13274   0.00575
 242.13220   0.00568
 243.13165   0.00561
 244.16592   0.00552
 245.16525   0.00545
 246.16458   0.00538
 247.16391   0.00532
 248.16325   0.00525
 249.16260   0.00519
 250.16194   0.00512
 251.16130   0.00506
 252.16066   0.00499
 253.16003   0.00493
 254.15939   0.00487
 255.15877   0.00480
 256.15814   0.00474
 257.15753   0.00468
 258.15692   0.00462
 259.15631   0.00456
 260.15573   0.00450
 261.15512   0.00444
 262.15454   0.00438
 263.15396   0.00433
 264.15335   0.00427
 265.15277   0.00421
 266.15222   0.00416
 267.15164   0.00410
 268.15106   0.00405
 269.15051   0.00399
 270.14996   0.00394
 271.14941   0.00389
 272.14886   0.00384
 273.18307   0.00377
 274.18243   0.00372
 275.18176   0.00367
 276.18109   0.00362
 277.18045   0.00358
 278.17981   0.00353
 279.17917   0.00348
 280.17853   0.00343
 281.17789   0.00338
 282.17725   0.00334
 283.17664   0.00329
 284.17599   0.00325
 285.17538   0.00320
 286.17477   0.00316
 287.17416   0.00311
 288.17355   0.00307
 289.17297   0.00303
 290.17236   0.00298
 291.17178   0.00294
 292.17117   0.00290
 293.17059   0.00286
 294.17001   0.00282
 295.16943   0.00278
 296.16888   0.00274
 297.16830   0.00270
 298.16772   0.00266
 299.16718   0.00262
 300.16663   0.00258
 301.20093   0.00253
 302.20026   0.00250
 303.19962   0.00246
 304.19894   0.00243
 305.19830   0.00239
 306.19766   0.00236
 307.19699   0.00233
 308.19638   0.00229
 309.19574   0.00226
 310.19510   0.00222
 311.19446   0.00219
 312.19385   0.00216
 313.19324   0.00213
 314.19263   0.00210
 315.19202   0.00207
 316.19141   0.00204
 317.19080   0.00201
 318.19019   0.00198
 319.18961   0.00195
 320.18900   0.00192
 321.18842   0.00189
 322.18784   0.00187
 323.18726   0.00184
 324.18668   0.00181
 325.18610   0.00178
 326.18552   0.00176
 327.18497   0.00173
 328.18439   0.00171
 329.18384   0.00168
 330.21811   0.00165
 331.21744   0.00163
 332.21680   0.00160
 333.21616   0.00158
 334.21548   0.00156
 335.21484   0.00153
 336.21420   0.00151
 337.21359   0.00149
 338.21295   0.00147
 339.21231   0.00144
 340.21170   0.00142
 341.21109   0.00140
 342.21045   0.00138
 343.20984   0.00136
 344.20923   0.00134
 345.20862   0.00132
 346.20804   0.00130
 347.20743   0.00128
 348.20685   0.00126
 349.20624   0.00125
 350.20566   0.00123
 351.20508   0.00121
 352.20450   0.00119
 353.20392   0.00118
 354.20334   0.00116
 355.20276   0.00114
 356.20218   0.00113
 357.20163   0.00111
 358.20105   0.00109
 359.23529   0.00107