   0.00000   0.72025
   1.00000   0.68874
   2.00000   0.66208
   3.00000   0.64027
   4.00000   0.62173
   5.00000   0.60527
   6.00000   0.59024
   7.00000   0.57632
   8.00000   0.56324
   9.00000   0.55086
  10.00000   0.53907
  11.00000   0.52778
  12.00000   0.51692
  13.00000   0.50647
  14.00000   0.49639
  15.03330   0.48326
  16.03122   0.47437
  17.02939   0.46548
  18.02776   0.45677
  19.02630   0.44828
  20.02498   0.43997
  21.02380   0.43185
  22.02271   0.42394
  23.02173   0.41620
  24.02082   0.40865
  25.01999   0.40126
  26.01922   0.39404
  27.01851   0.38698
  28.01785   0.38007
  29.01724   0.37332
  30.01666   0.36671
  31.01612   0.36023
  32.01562   0.35389
  33.01515   0.34767
  34.01470   0.34157
  35.01428   0.33558
  36.01389   0.32971
  37.01351   0.32394
  38.01316   0.31827
  39.01282   0.31272
  40.01250   0.30726
  41.01219   0.30189
  42.01190   0.29663
  43.04649   0.28962
  44.04543   0.28480
  45.04442   0.27994
  46.04346   0.27513
  47.04253   0.27039
  48.04165   0.26570
  49.04080   0.26109
  50.03999   0.25657
  51.03920   0.25215
  52.03845   0.24780
  53.03772   0.24353
  54.03703   0.23933
  55.03635   0.23521
  56.03570   0.23116
  57.03508   0.22718
  58.03447   0.22328
  59.03389   0.21945
  60.03333   0.21568
  61.03278   0.21198
  62.03225   0.20836
  63.03174   0.20480
  64.03124   0.20131
  65.03076   0.19789
  66.03030   0.19453
  67.02985   0.19123
  68.02940   0.18799
  69.02898   0.18480
  70.02856   0.18166
  71.02816   0.17859
  72.06247   0.17450
  73.06161   0.17167
  74.06078   0.16882
  75.05997   0.16599
  76.05919   0.16321
  77.05842   0.16046
  78.05767   0.15776
  79.05694   0.15510
  80.05623   0.15249
  81.05553   0.14993
  82.05486   0.14742
  83.05420   0.14496
  84.05355   0.14255
  85.05293   0.14017
  86.05231   0.13783
  87.05171   0.13553
  88.05112   0.13328
  89.05054   0.13106
  90.04999   0.12889
  91.04944   0.12676
  92.04890   0.12466
  93.04838   0.12260
  94.04786   0.12056
  95.04736   0.11857
  96.04687   0.11661
  97.04638   0.11469
  98.04591   0.11280
  99.04544   0.11094
 100.04499   0.10912
 101.07918   0.10667
 102.07840   0.10500
 103.07764   0.10330
 104.07690   0.10163
 105.07616   0.10000
 106.07545   0.09839
 107.07474   0.09681
 108.07405   0.09527
 109.07337   0.09375
 110.07270   0.09227
 111.07205   0.09082
 112.07140   0.08939
 113.07078   0.08798
 114.07015   0.08660
 115.06954   0.08525
 116.06895   0.08391
 117.06836   0.08260
 118.06778   0.08131
 119.06721   0.08005
 120.06665   0.07880
 121.06610   0.07757
 122.06556   0.07636
 123.06503   0.07517
 124.06450   0.07400
 125.06398   0.07285
 126.06348   0.07172
 127.06297   0.07061
 128.06248   0.06952
 129.09686   0.06805
 130.09612   0.06703
 131.09538   0.06601
 132.09467   0.06498
 133.09395   0.06398
 134.09325   0.06299
 135.09256   0.06202
 136.09187   0.06108
 137.09122   0.06014
 138.09055   0.05922
 139.08990   0.05831
 140.08926   0.05742
 141.08862   0.05654
 142.08800   0.05567
 143.08739   0.05482
 144.08678   0.05398
 145.08618   0.05314
 146.08559   0.05233
 147.08501   0.05152
 148.08444   0.05072
 149.08386   0.04993
 150.08331   0.04915
 151.08276   0.04839
 152.08221   0.04764
 153.08168   0.04690
 154.08115   0.04617
 155.08063   0.04546
 156.08011   0.04475
 157.07961   0.04407
 158.11388   0.04314
 159.11317   0.04249
 160.11246   0.04184
 161.11176   0.04119
 162.11107   0.04055
 163.11040   0.03993
 164.10973   0.03931
 165.10905   0.03871
 166.10840   0.03811
 167.10774   0.03752
 168.10710   0.03693
 169.10648   0.03636
 170.10585   0.03580
 171.10522   0.03524
 172.10461   0.03469
 173.10402   0.03415
 174.10342   0.03361
 175.10283   0.03309
 176.10225   0.03258
 177.10167   0.03207
 178.10109   0.03158
 179.10052   0.03109
 180.09998   0.03060
 181.09943   0.03013
 182.09888   0.02967
 183.09833   0.02921
 184.09779   0.02876
 185.09727   0.02832
 186.09676   0.02788
 187.13097   0.02729
 188.13028   0.02688
 189.12958   0.02647
 190.12891   0.02605
 191.12823   0.02565
 192.12756   0.02525
 193.12691   0.02485
 194.12625   0.02446
 195.12560   0.02408
 196.12495   0.02369
 197.12433   0.02332
 198.12370   0.02295
 199.12308   0.02259
 200.12247   0.02223
 201.12186   0.02188
 202.12125   0.02153
 203.12065   0.02119
 204.12006   0.02085
 205.11948   0.02052
 206.11890   0.02019
 207.11832   0.01987
 208.11775   0.01956
 209.11719   0.01925
 210.11664   0.01894
 211.11609   0.01864
 212.11554   0.01834
 213.11499   0.01805
 214.11446   0.01776
 215.14879   0.01737
 216.14810   0.01710
 217.14742   0.01683
 218.14674   0.01656
 219.14607   0.01630
 220.14540   0.01605
 221.14474   0.01580
 222.14410   0.01556
 223.14345   0.01531
 224.14281   0.01508
 225.14218   0.01484
 226.14156   0.01462
 227.14093   0.01439
 228.14030   0.01417
 229.13969   0.01395
 230.13908   0.01374
 231.13849   0.01353
 232.13789   0.01332
 233.13730   0.01312
 234.13672   0.01292
 235.13612   0.01272
 236.13556   0.01253
 237.13498   0.01234
 238.13441   0.01216
 239.13385   0.01198
 240.13330   0.01180
 241.13274   0.01162
 242.13220   0.01144
 243.13165   0.01127
 244.16592   0.01104
 245.16525   0.01087
 246.16458   0.01071
 247.16391   0.01054
 248.16325   0.01038
 249.16260   0.01022
 250.16194   0.01006
 251.16130   0.00990
 252.16066   0.00974
 253.16003   0.00959
 254.15939   0.00944
 255.15877   0.00930
 256.15814   0.00916
 257.15753   0.00902
 258.15692   0.00888
 259.15631   0.00874
 260.15573   0.00860
 261.15512   0.00847
 262.15454   0.00835
 263.15396   0.00823
 264.15335   0.00811
 265.15277   0.00799
 266.15222   0.00787
 267.15164   0.00776
 268.15106   0.00765
 269.15051   0.00754
 270.14996   0.00744
 271.14941   0.00734
 272.14886   0.00723
 273.18307   0.00709
 274.18243   0.00700
 275.18176   0.00690
 276.18109   0.00680
 277.18045   0.00670
 278.17981   0.00660
 279.17917   0.00651
 280.17853   0.00641
 281.17789   0.00632
 282.17725   0.00623
 283.17664   0.00614
 284.17599   0.00606
 285.17538   0.00598
 286.17477   0.00590
 287.17416   0.00582
 288.17355   0.00574
 289.17297   0.00567
 290.17236   0.00560
 291.17178   0.00553
 292.17117   0.00546
 293.17059   0.00539
 294.17001   0.00532
 295.16943   0.00526
 296.16888   0.00519
 297.16830   0.00513
 298.16772   0.00506
 299.16718   0.00500
 300.16663   0.00494
 301.20093   0.00484
 302.20026   0.00478
 303.19962   0.00471
 304.19894   0.00465
 305.19830   0.00459
 306.19766   0.00452
 307.19699   0.00446
 308.19638   0.00440
 309.19574   0.00434
 310.19510   0.00428
 311.19446   0.00422
 312.19385   0.00416
 313.19324   0.00410
 314.19263   0.00404
 315.19202   0.00399
 316.19141   0.00393
 317.19080   0.00387
 318.19019   0.00382
 319.18961   0.00377
 320.18900   0.00371
 321.18842   0.00367
 322.18784   0.00362
 323.18726   0.00357
 324.18668   0.00352
 325.18610   0.00348
 326.18552   0.00343
 327.18497   0.00339
 328.18439   0.00334
 329.18384   0.00330
 330.21811   0.00324
 331.21744   0.00320
 332.21680   0.00316
 333.21616   0.00311
 334.21548   0.00307
 335.21484   0.00303
 336.21420   0.00299
 337.21359   0.00295
 338.21295   0.00292
 339.21231   0.00288
 340.21170   0.00284
 341.21109   0.00281
 342.21045   0.00277
 343.20984   0.00274
 344.20923   0.00270
 345.20862   0.00267
 346.20804   0.00263
 347.20743   0.00260
 348.20685   0.00257
 349.20624   0.00254
 350.20566   0.00251
 351.20508   0.00248
 352.20450   0.00245
 353.20392   0.00243
 354.20334   0.00240
 355.20276   0.00237
 356.20218   0.00234
 357.20163   0.00232
 358.20105   0.00229
 359.23529   0.00226
 360.23465   0.00223
 361.23401   0.00221
 362.23334   0.00218
 363.23270   0.00216
 364.23206   0.00214
 365.23145   0.00211
 366.23080   0.00209
 367.23016   0.00207
 368.22955   0.00205
 369.22891   0.00202
 370.22830   0.00200
 371.22769   0.00198
 372.22708   0.00196
 373.22647   0.00193
 374.22586   0.00191
 375.22528   0.00189
 376.22467   0.00187
 377.22406   0.00185
 378.22348   0.00183
 379.22290   0.00181
 380.22229   0.00179
 381.22171   0.00177
 382.22113   0.00176
 383.22055   0.00174
 384.22000   0.00172
 385.21942   0.00170
 386.21884   0.00169
 387.25314   0.00166
 388.25250   0.00164
 389.25186   0.00163
 390.25119   0.00161
 391.25055   0.00159
 392.24991   0.00157
 393.24930   0.00156
 394.24866   0.00154
 395.24802   0.00153
 396.24741   0.00151
 397.24677   0.00149
 398.24615   0.00148
 399.24554   0.00146
 400.24493   0.00145
 401.24432   0.00143
 402.24371   0.00142
 403.24310   0.00140
 404.24249   0.00139
 405.24191   0.00137
 406.24130   0.00136
 407.24072   0.00134
 408.24011   0.00133
 409.23953   0.00132
 410.23895   0.00130
 411.23837   0.00129
 412.23779   0.00128
 413.23721   0.00127
 414.23663   0.00125
 415.23608   0.00124
 416.27036   0.00123
 417.26968   0.00122
 418.26904   0.00121
 419.26840   0.00119
 420.26776   0.00118
 421.26715   0.00117
 422.26651   0.00116
 423.26587   0.00114
 424.26526   0.00113
 425.26462   0.00112
 426.26401   0.00111
 427.26340   0.00110
 428.26276   0.00109
 429.26215   0.00107
 430.26154   0.00106
 431.26096   0.00105
 432.26035   0.00104
 433.25974   0.00103
 434.25912   0.00102
 435.25854   0.00101
 436.25797   0.00099
 437.25735   0.00098
 438.25677   0.00097
 439.25620   0.00096
 440.25562   0.00095
 441.25504   0.00094
 442.25446   0.00093
 443.25388   0.00092
 444.25330   0.00092
 445.28754   0.00090
 446.28690   0.00089
 447.28625   0.00088
 448.28561   0.00088
 449.28497   0.00087
 450.28436   0.00086
 451.28372   0.00085
 452.28311   0.00084
 453.28247   0.00083
 454.28186   0.00082
 455.28122   0.00081
 456.28061   0.00080
 457.28000   0.00079
 458.27939   0.00078
 459.27878   0.00077
 460.27817   0.00076
 461.27759   0.00075
 462.27698   0.00074
 463.27637   0.00074
 464.27579   0.00073
 465.27518   0.00072
 466.27460   0.00071
 467.27402   0.00070
 468.27344   0.00069
 469.27283   0.00069
 470.27225   0.00068
 471.27170   0.00067
 472.27112   0.00066
 473.30539   0.00065
 474.30475   0.00065
 475.30411   0.00064
 476.30347   0.00063
 477.30283   0.00063
 478.30222   0.00062
 479.30157   0.00061
 480.30093   0.00061
 481.30032   0.00060
 482.29971   0.00059
 483.29907   0.00058
 484.29846   0.00058
 485.29785   0.00057
 486.29724   0.00056
 487.29663   0.00055
 488.29602   0.00055
 489.29541   0.00054
 490.29480   0.00053
 491.29422   0.00053
 492.29361   0.00052
 493.29303   0.00051
 494.29242   0.00051
 495.29184   0.00050
 496.29126   0.00049
 497.29065   0.00048
 498.29007   0.00048
 499.28949   0.00047
 500.28891   0.00047
 501.28833   0.00046
 502.32260   0.00045
 503.32196   0.00045
 504.32132   0.00044
 505.32068   0.00044
 506.32007   0.00043
 507.31943   0.00042
 508.31879   0.00042
 509.31818   0.00041
 510.31754   0.00041
 511.31693   0.00040
 512.31628   0.00039
 513.31567   0.00039
 514.31506   0.00038
 515.31445   0.00038
 516.31384   0.00037
 517.31323   0.00037
 518.31262   0.00036
 519.31207   0.00036
 520.31146   0.00035
 521.31085   0.00035
 522.31024   0.00034
 523.30963   0.00034
 524.30908   0.00033
 525.30847   0.00033
 526.30792   0.00032
 527.30731   0.00032
 528.30670   0.00032
 529.30615   0.00031
 530.30554   0.00031
 531.33984   0.00030
 532.33917   0.00030
 533.33856   0.00030
 534.33789   0.00029
 535.33728   0.00029
 536.33667   0.00029
 537.33600   0.00029
 538.33539   0.00028
 539.33478   0.00028
 540.33417   0.00028
 541.33356   0.00027
 542.33295   0.00027
 543.33234   0.00027
 544.33173   0.00027
 545.33112   0.00026
 546.33051   0.00026
 547.32990   0.00026
 548.32928   0.00026
 549.32867   0.00025
 550.32806   0.00025
 551.32751   0.00025
 552.32690   0.00025
 553.32629   0.00024
 554.32574   0.00024
 555.32513   0.00024
 556.32452   0.00023
 557.32397   0.00023
 558.32336   0.00023
 559.35767   0.00022
 560.35706   0.00022
 561.35638   0.00022
 562.35577   0.00022
 563.35510   0.00022
 564.35449   0.00021
 565.35388   0.00021
 566.35327   0.00021
 567.35260   0.00021
 568.35199   0.00020
 569.35138   0.00020
 570.35077   0.00020
 571.35016   0.00020
 572.34955   0.00020
 573.34894   0.00019
 574.34833   0.00019
 575.34772   0.00019
 576.34711   0.00019
 577.34650   0.00019
 578.34595   0.00018
 579.34534   0.00018
 580.34473   0.00018
 581.34412   0.00018
 582.34357   0.00018
 583.34296   0.00018
 584.34235   0.00018
 585.34180   0.00017
 586.34119   0.00017
 587.34064   0.00017
 588.37488   0.00017
 589.37427   0.00017
 590.37360   0.00016
 591.37299   0.00016
 592.37238   0.00016
 593.37170   0.00016
 594.37109   0.00016
 595.37048   0.00016
 596.36987   0.00016
 597.36926   0.00015
 598.36859   0.00015
 599.36798   0.00015
 600.36737   0.00015
 601.36676   0.00015
 602.36615   0.00015
 603.36554   0.00015
 604.36493   0.00015
 605.36438   0.00015
 606.36377   0.00015
 607.36316   0.00014
 608.36255   0.00014
 609.36194   0.00014
 610.36139   0.00014
 611.36078   0.00014
 612.36017   0.00014
 613.35962   0.00014
 614.35901   0.00014
 615.35846   0.00014
 616.35785   0.00013
 617.39209   0.00013
 618.39148   0.00013
 619.39081   0.00013
 620.39020   0.00013
 621.38959   0.00012
 622.38892   0.00012
 623.38831   0.00012
 624.38770   0.00012
 625.38708   0.00012
 626.38647   0.00012
 627.38586   0.00012
 628.38525   0.00012
 629.38464   0.00011
 630.38403   0.00011
 631.38342   0.00011
 632.38281   0.00011
 633.38220   0.00011
 634.38159   0.00011
 635.38098   0.00011
 636.38037   0.00011
 637.37982   0.00011
 638.37921   0.00011
 639.37860   0.00011
 640.37799   0.00010
 641.37744   0.00010
 642.37683   0.00010
 643.37622   0.00010
 644.37567   0.00010
 645.40997   0.00010
 646.40930   0.00010
 647.40869   0.00009
 648.40802   0.00009
 649.40741   0.00009
 650.40680   0.00009
 651.40619   0.00009
 652.40558   0.00009
 653.40491   0.00009
 654.40430   0.00009
 655.40369   0.00009
 656.40308   0.00009
 657.40247   0.00008
 658.40186   0.00008
 659.40125   0.00008
 660.40063   0.00008
 661.40002   0.00008
 662.39941   0.00008
 663.39880   0.00008
 664.39825   0.00008
 665.39764   0.00008
 666.39703   0.00008
 667.39642   0.00008
 668.39581   0.00008
 669.39526   0.00007
 670.39465   0.00007
 671.39404   0.00007
 672.39349   0.00007
 673.39288   0.00007
 674.42719   0.00007
 675.42651   0.00007
 676.42590   0.00007
 677.42529   0.00007
 678.42462   0.00006
 679.42401   0.00006
 680.42340   0.00006
 681.42279   0.00006
 682.42218   0.00006
 683.42151   0.00006
 684.42090   0.00006
 685.42029   0.00006
 686.41968   0.00006
 687.41907   0.00006
 688.41846   0.00006
 689.41785   0.00005
 690.41724   0.00005
 691.41669   0.00005
 692.41608   0.00005
 693.41547   0.00005
 694.41486   0.00005
 695.41425   0.00005
 696.41370   0.00005
 697.41309   0.00005
 698.41248   0.00005
 699.41193   0.00005
 700.41132   0.00005
 701.41071   0.00004
 702.41016   0.00004
 703.44440   0.00004
 704.44373   0.00004
 705.44312   0.00004
 706.44250   0.00004
 707.44189   0.00004
 708.44122   0.00004
 709.44061   0.00003
 710.44000   0.00003
 711.43939   0.00003
 712.43878   0.00003
 713.43817   0.00003
 714.43756   0.00003
 715.43695   0.00003
 716.43634   0.00003
 717.43573   0.00003
 718.43512   0.00003
 719.43451   0.00002
 720.43390   0.00002
 721.43329   0.00002
 722.43268   0.00002
 723.43207   0.00002
 724.43152   0.00002
 725.43091   0.00002
 726.43030   0.00002
 727.42975   0.00002
 728.42914   0.00002
 729.42853   0.00002
 730.42798   0.00002
 731.46222   0.00001
 732.46161   0.00001
 733.46100   0.00001
 734.46033   0.00001
 735.45972   0.00001
 736.45911   0.00001
 737.45850   0.00001
 738.45782   0.00000
 739.45721   0.00000
 740.45660   0.00000
 741.45599   0.00000
 742.45538   0.00000
 743.45477   0.00000
 744.45416   0.00000
 745.45355   0.00000
 746.45294   0.00000
 747.45233   0.00000
 748.45172   0.00000
 749.45111   0.00000
 750.45056   0.00000
 751.44995   0.00000
 752.44934   0.00000
 753.44873   0.00000
 754.44812   0.00000
 755.44757   0.00000
 756.44696   0.00000
 757.44635   0.00000
 758.44580   0.00000
 759.44519   0.00000
 760.47943   0.00000
 761.47882   0.00000
 762.47821   0.00000
 763.47760   0.00000
 764.47693   0.00000
 765.47632   0.00000
 766.47571   0.00000
 767.47510   0.00000
 768.47449   0.00000
 769.47382   0.00000
 770.47321   0.00000
 771.47260   0.00000
 772.47198   0.00000
 773.47137   0.00000
 774.47076   0.00000
 775.47015   0.00000
 776.46960   0.00000
 777.46899   0.00000
 778.46838   0.00000
 779.46777   0.00000
 780.46716   0.00000
 781.46655   0.00000
 782.46600   0.00000
 783.46539   0.00000
 784.46478   0.00000
 785.46417   0.00000
 786.46362   0.00000
 787.46301   0.00000
 788.49731   0.00000
 789.49670   0.00000
 790.49603   0.00000
 791.49542   0.00000
 792.49481   0.00000
 793.49420   0.00000
 794.49353   0.00000
 795.49292   0.00000
 796.49231   0.00000
 797.49170   0.00000
 798.49109   0.00000
 799.49048   0.00000
 800.48987   0.00000
 801.48926   0.00000
 802.48865   0.00000
 803.48804   0.00000
 804.48743   0.00000
 805.48682   0.00000
 806.48621   0.00000
 807.48560   0.00000
 808.48499   0.00000
 809.48438   0.00000
 810.48383   0.00000
 811.48322   0.00000
 812.48260   0.00000
 813.48199   0.00000
 814.48145   0.00000
 815.48083   0.00000
 816.48022   0.00000
 817.51453   0.00000
 818.51392   0.00000
 819.51324   0.00000
 820.51263   0.00000
 820.51263   0.00000
 821.51202   0.00000
 822.51141   0.00000
 823.51080   0.00000
 824.51013   0.00000
 825.50952   0.00000
 826.50891   0.00000
 827.50830   0.00000
 828.50769   0.00000
 829.50708   0.00000
 830.50647   0.00000
 831.50586   0.00000
 832.50525   0.00000
 833.50464   0.00000
 834.50403   0.00000
 835.50342   0.00000
 836.50287   0.00000
 837.50226   0.00000
 838.50165   0.00000
 839.50104   0.00000
 840.50043   0.00000
 841.49988   0.00000
 842.49927   0.00000
 843.49866   0.00000
 844.49805   0.00000
 845.53235   0.00000
 846.53174   0.00000
 847.53113   0.00000
 848.53052   0.00000
 849.52985   0.00000
 850.52924   0.00000
 851.52863   0.00000
 852.52802   0.00000
 853.52740   0.00000
 854.52679   0.00000
 855.52618   0.00000
 856.52551   0.00000
 857.52490   0.00000
 858.52429   0.00000
 859.52368   0.00000
 860.52307   0.00000
 861.52246   0.00000
 862.52191   0.00000
 863.52130   0.00000
 864.52069   0.00000
 865.52008   0.00000
 866.51947   0.00000
 867.51886   0.00000
 868.51825   0.00000
 869.51770   0.00000
 870.51709   0.00000
 871.51648   0.00000
 872.51593   0.00000
 873.55023   0.00000
 874.54962   0.00000
 875.54895   0.00000
 876.54834   0.00000
 877.54773   0.00000
 878.54712   0.00000
 879.54645   0.00000
 880.54584   0.00000
 881.54523   0.00000
 882.54462   0.00000
 883.54401   0.00000
 884.54340   0.00000
 885.54279   0.00000
 886.54218   0.00000
 887.54156   0.00000
 888.54095   0.00000
 889.54034   0.00000
 890.53973   0.00000
 891.53912   0.00000
 892.53851   0.00000
 893.53790   0.00000
 894.53729   0.00000
 895.53668   0.00000
 896.53613   0.00000
 897.53552   0.00000
 898.53491   0.00000
 899.53430   0.00000
 900.53375   0.00000
 901.53314   0.00000
 902.56744   0.00000
 903.56683   0.00000
 904.56622   0.00000
 905.56555   0.00000
 906.56494   0.00000
 907.56433   0.00000
 908.56372   0.00000
 909.56311   0.00000
 910.56244   0.00000
 911.56183   0.00000
 912.56122   0.00000
 913.56061   0.00000
 914.56000   0.00000
 915.55939   0.00000
 916.55878   0.00000
 917.55817   0.00000
 918.55756   0.00000
 919.55695   0.00000
 920.55634   0.00000
 921.55573   0.00000
 922.55518   0.00000
 923.55457   0.00000
 924.55396   0.00000
 925.55334   0.00000
 926.55273   0.00000
 927.55219   0.00000
 928.55157   0.00000
 929.55096   0.00000
 930.55035   0.00000
 931.58466   0.00000
 932.58405   0.00000
 933.58344   0.00000
 934.58282   0.00000
 935.58215   0.00000
 936.58154   0.00000
 937.58093   0.00000
 938.58032   0.00000
 939.57971   0.00000
 940.57910   0.00000
 941.57849   0.00000
 942.57782   0.00000
 943.57721   0.00000
 944.57660   0.00000
 945.57599   0.00000
 946.57538   0.00000
 947.57483   0.00000
 948.57422   0.00000
 949.57361   0.00000
 950.57300   0.00000
 951.57239   0.00000
 952.57178   0.00000
 953.57117   0.00000
 954.57056   0.00000
 955.57001   0.00000
 956.56940   0.00000
 957.56879   0.00000
 958.56818   0.00000
 959.60254   0.00000
 960.60187   0.00000
 961.60126   0.00000
 962.60065   0.00000
 963.60004   0.00000
 964.59943   0.00000
 965.59875   0.00000
 966.59814   0.00000
 967.59753   0.00000
 968.59692   0.00000
 969.59631   0.00000
 970.59570   0.00000
 971.59509   0.00000
 972.59448   0.00000
 973.59387   0.00000
 974.59326   0.00000
 975.59265   0.00000
 976.59204   0.00000
 977.59143   0.00000
 978.59082   0.00000
 979.59021   0.00000
 980.58960   0.00000
 981.58899   0.00000
 982.58844   0.00000
 983.58783   0.00000
 984.58722   0.00000
 985.58661   0.00000
 986.58606   0.00000
 987.58545   0.00000
 988.61975   0.00000
 989.61914   0.00000
 990.61847   0.00000
 991.61786   0.00000
 992.61725   0.00000
 993.61664   0.00000
 994.61603   0.00000
 995.61542   0.00000
 996.61475   0.00000
 997.61414   0.00000
 998.61353   0.00000
 999.61292   0.00000
1000.61230   0.00000
1001.61169   0.00000
1002.61108   0.00000
1003.61047   0.00000
1004.60986   0.00000
1005.60925   0.00000
1006.60864   0.00000
1007.60803   0.00000
1008.60748   0.00000
1009.60687   0.00000
1010.60626   0.00000
1011.60565   0.00000
1012.60504   0.00000
1013.60443   0.00000
1014.60388   0.00000
1015.60327   0.00000
1016.60266   0.00000
1017.63696   0.00000
1018.63635   0.00000
1019.63574   0.00000
1020.63507   0.00000
1021.63446   0.00000
1022.63385   0.00000
1023.63324   0.00000
1024.63257   0.00000
1025.63196   0.00000
1026.63135   0.00000
1027.63074   0.00000
1028.63013   0.00000
1029.62952   0.00000
1030.62891   0.00000
1031.62830   0.00000
1032.62769   0.00000
1033.62708   0.00000
1034.62646   0.00000
1035.62585   0.00000
1036.62524   0.00000
1037.62463   0.00000
1038.62415   0.00000
1039.62354   0.00000
1040.62292   0.00000
1041.62231   0.00000
1042.62170   0.00000
1043.62109   0.00000
1044.62048   0.00000
1045.65479   0.00000
1046.65417   0.00000
1047.65356   0.00000
1048.65295   0.00000
1049.65234   0.00000
1050.65173   0.00000
1051.65112   0.00000
1052.65051   0.00000
1053.64990   0.00000
1054.64917   0.00000
1055.64856   0.00000
1056.64795   0.00000
1057.64734   0.00000
1058.64673   0.00000
1059.64612   0.00000
1060.64551   0.00000
1061.64490   0.00000
1062.64429   0.00000
1063.64368   0.00000
1064.64319   0.00000
1065.64258   0.00000
1066.64197   0.00000
1067.64136   0.00000
1068.64075   0.00000
1069.64014   0.00000
1070.63953   0.00000
1071.63892   0.00000
1072.63831   0.00000
1073.63770   0.00000
1074.67200   0.00000
1075.67139   0.00000
1076.67078   0.00000
1077.67017   0.00000
1078.66956   0.00000
1079.66895   0.00000
1080.66833   0.00000
1081.66772   0.00000
1082.66711   0.00000
1083.66650   0.00000
1084.66589   0.00000
1085.66528   0.00000
1086.66467   0.00000
1087.66406   0.00000
1088.66345   0.00000
1089.66284   0.00000
1090.66223   0.00000
1091.66162   0.00000
1092.66101   0.00000
1093.66040   0.00000
1094.65979   0.00000
1095.65918   0.00000
1096.65857   0.00000
1097.65796   0.00000
1098.65735   0.00000
1099.65674   0.00000
1100.65613   0.00000
1101.65552   0.00000
1102.65503   0.00000
1103.68921   0.00000
1104.68860   0.00000
1105.68799   0.00000
1106.68738   0.00000
1107.68677   0.00000
1108.68616   0.00000
1109.68555   0.00000
1110.68494   0.00000
1111.68433   0.00000
1112.68372   0.00000
1113.68311   0.00000
1114.68250   0.00000
1115.68188   0.00000
1116.68127   0.00000
1117.68066   0.00000
1118.68005   0.00000
1119.67944   0.00000
1120.67883   0.00000
1121.67822   0.00000
1122.67761   0.00000
1123.67700   0.00000
1124.67639   0.00000
1125.67578   0.00000
1126.67517   0.00000
1127.67456   0.00000
1128.67395   0.00000
1129.67346   0.00000
1130.67285   0.00000
1131.70715   0.00000
1132.70654   0.00000
1133.70581   0.00000
1134.70520   0.00000
1135.70459   0.00000
1136.70398   0.00000
1137.70337   0.00000
1138.70276   0.00000
1139.70215   0.00000
1140.70154   0.00000
1141.70093   0.00000
1142.70032   0.00000
1143.69971   0.00000
1144.69910   0.00000
1145.69849   0.00000
1146.69788   0.00000
1147.69727   0.00000
1148.69666   0.00000
1149.69604   0.00000
1150.69543   0.00000
1151.69482   0.00000
1152.69421   0.00000
1153.69360   0.00000
1154.69299   0.00000
1155.69238   0.00000
1156.69189   0.00000
1157.69128   0.00000
1158.69067   0.00000
1159.69006   0.00000
1160.72437   0.00000
1161.72375   0.00000
1162.72314   0.00000
1163.72253   0.00000
1164.72180   0.00000
1165.72119   0.00000
1166.72058   0.00000
1167.71997   0.00000
1168.71936   0.00000
1169.71875   0.00000
1170.71814   0.00000
1171.71753   0.00000
1172.71692   0.00000
1173.71631   0.00000
1174.71570   0.00000
1175.71509   0.00000
1176.71448   0.00000
1177.71387   0.00000
1178.71326   0.00000
1179.71265   0.00000
1180.71204   0.00000
1181.71143   0.00000
1182.71082   0.00000
1183.71033   0.00000
1184.70972   0.00000
1185.70911   0.00000
1186.70850   0.00000
1187.70789   0.00000
1188.70728   0.00000
1189.74158   0.00000
1190.74097   0.00000
1191.74036   0.00000
1192.73975   0.00000
1193.73914   0.00000
1194.73853   0.00000
1195.73779   0.00000
1196.73718   0.00000
1197.73657   0.00000
1198.73596   0.00000
1199.73535   0.00000
1200.73474   0.00000
1201.73413   0.00000
1202.73352   0.00000
1203.73291   0.00000
1204.73230   0.00000
1205.73169   0.00000
1206.73108   0.00000
1207.73047   0.00000
1208.72986   0.00000
1209.72925   0.00000
1210.72876   0.00000
1211.72815   0.00000
1212.72754   0.00000
1213.72693   0.00000
1214.72632   0.00000
1215.72571   0.00000
1216.72510   0.00000
1217.75940   0.00000
1218.75879   0.00000
1219.75818   0.00000
1220.75757   0.00000
1221.75696   0.00000
1222.75635   0.00000
1223.75574   0.00000
1224.75513   0.00000
1225.75452   0.00000
1226.75391   0.00000
1227.75317   0.00000
1228.75256   0.00000
1229.75195   0.00000
1230.75134   0.00000
1231.75073   0.00000
1232.75012   0.00000
1233.74951   0.00000
1234.74890   0.00000
1235.74841   0.00000
1236.74780   0.00000
1237.74719   0.00000
1238.74658   0.00000
1239.74597   0.00000
1240.74536   0.00000
1241.74475   0.00000
1242.74414   0.00000
1243.74353   0.00000
1244.74292   0.00000
1245.74231   0.00000
1246.77661   0.00000
1247.77600   0.00000
1248.77539   0.00000
1249.77478   0.00000
1250.77417   0.00000
1251.77356   0.00000
1252.77295   0.00000
1253.77234   0.00000
1254.77173   0.00000
1255.77112   0.00000
1256.77051   0.00000
1257.76990   0.00000
1258.76929   0.00000
1259.76868   0.00000
1260.76807   0.00000
1261.76746   0.00000
1262.76685   0.00000
1263.76624   0.00000
1264.76563   0.00000
1265.76501   0.00000
1266.76440   0.00000
1267.76379   0.00000
1268.76318   0.00000
1269.76257   0.00000
1270.76196   0.00000
1271.76135   0.00000
1272.76074   0.00000
1273.76013   0.00000
1274.75964   0.00000
1275.79382   0.00000
1276.79321   0.00000
1277.79260   0.00000
1278.79199   0.00000
1279.79138   0.00000
1280.79077   0.00000
1281.79016   0.00000
1282.78955   0.00000
1283.78894   0.00000
1284.78833   0.00000
1285.78772   0.00000
1286.78711   0.00000
1287.78650   0.00000
1288.78589   0.00000
1289.78528   0.00000
1290.78467   0.00000
1291.78406   0.00000
1292.78345   0.00000
1293.78284   0.00000
1294.78223   0.00000
1295.78162   0.00000
1296.78101   0.00000
1297.78040   0.00000
1298.77979   0.00000
1299.77917   0.00000
1300.77856   0.00000
1301.77795   0.00000
1302.77747   0.00000
1303.81177   0.00000
1304.81116   0.00000
1305.81042   0.00000
1306.80981   0.00000
1307.80920   0.00000
1308.80859   0.00000
1309.80798   0.00000
1310.80737   0.00000
1311.80676   0.00000
1312.80615   0.00000
1313.80554   0.00000
1314.80493   0.00000
1315.80432   0.00000
1316.80371   0.00000
1317.80310   0.00000
1318.80249   0.00000
1319.80188   0.00000
1320.80127   0.00000
1321.80066   0.00000
1322.80005   0.00000
1323.79944   0.00000
1324.79883   0.00000
1325.79822   0.00000
1326.79761   0.00000
1327.79700   0.00000
1328.79651   0.00000
1329.79590   0.00000
1330.79529   0.00000
1331.79468   0.00000
1332.82898   0.00000
1333.82837   0.00000
1334.82776   0.00000
1335.82703   0.00000
1336.82642   0.00000
1337.82581   0.00000
1338.82520   0.00000
1339.82458   0.00000
1340.82397   0.00000
1341.82336   0.00000
1342.82275   0.00000
1343.82214   0.00000
1344.82153   0.00000
1345.82092   0.00000
1346.82031   0.00000
1347.81970   0.00000
1348.81909   0.00000
1349.81848   0.00000
1350.81787   0.00000
1351.81726   0.00000
1352.81665   0.00000
1353.81604   0.00000
1354.81543   0.00000
1355.81494   0.00000
1356.81433   0.00000
1357.81372   0.00000
1358.81311   0.00000
1359.81250   0.00000
1360.81189   0.00000
1361.84619   0.00000
1362.84558   0.00000
1363.84497   0.00000
1364.84436   0.00000
1365.84375   0.00000
1366.84302   0.00000
1367.84241   0.00000
1368.84180   0.00000
1369.84119   0.00000
1370.84058   0.00000
1371.83997   0.00000
1372.83936   0.00000
1373.83875   0.00000
1374.83813   0.00000
1375.83752   0.00000
1376.83691   0.00000
1377.83630   0.00000
1378.83569   0.00000
1379.83508   0.00000
1380.83447   0.00000
1381.83398   0.00000
1382.83337   0.00000
1383.83276   0.00000
1384.83215   0.00000
1385.83154   0.00000
1386.83093   0.00000
1387.83032   0.00000
1388.82971   0.00000
1389.86401   0.00000
1390.86340   0.00000
1391.86279   0.00000
1392.86218   0.00000
1393.86157   0.00000
1394.86096   0.00000
1395.86035   0.00000
1396.85974   0.00000
1397.85913   0.00000
1398.85852   0.00000
1399.85791   0.00000
1400.85718   0.00000
1401.85657   0.00000
1402.85596   0.00000
1403.85535   0.00000
1404.85474   0.00000
1405.85425   0.00000
1406.85364   0.00000
1407.85303   0.00000
1408.85242   0.00000
1409.85181   0.00000
1410.85120   0.00000
1411.85059   0.00000
1412.84998   0.00000
1413.84937   0.00000
1414.84875   0.00000
1415.84814   0.00000
1416.84753   0.00000
1417.84692   0.00000
1418.88123   0.00000
1419.88062   0.00000
1420.88000   0.00000
1421.87939   0.00000
1422.87878   0.00000
1423.87817   0.00000
1424.87756   0.00000
1425.87695   0.00000
1426.87634   0.00000
1427.87573   0.00000
1428.87512   0.00000
1429.87451   0.00000
1430.87390   0.00000
1431.87329   0.00000
1432.87268   0.00000
1433.87207   0.00000
1434.87146   0.00000
1435.87085   0.00000
1436.87024   0.00000
1437.86963   0.00000
1438.86902   0.00000
1439.86841   0.00000
1440.86780   0.00000
1441.86719   0.00000
1442.86658   0.00000
1443.86597   0.00000
1444.86536   0.00000
1445.86475   0.00000
1446.86414   0.00000
1447.89844   0.00000
1448.89783   0.00000
1449.89722   0.00000
1450.89661   0.00000
1451.89600   0.00000
1452.89539   0.00000
1453.89478   0.00000
1454.89417   0.00000
1455.89355   0.00000
1456.89294   0.00000
1457.89233   0.00000
1458.89172   0.00000
1459.89111   0.00000
1460.89050   0.00000
1461.88989   0.00000
1462.88928   0.00000
1463.88867   0.00000
1464.88806   0.00000
1465.88745   0.00000
1466.88684   0.00000
1467.88623   0.00000
1468.88562   0.00000
1469.88501   0.00000
1470.88440   0.00000
1471.88379   0.00000
1472.88318   0.00000
1473.88257   0.00000
1474.88208   0.00000
1475.91638   0.00000
1476.91565   0.00000
1477.91504   0.00000
1478.91443   0.00000
1479.91382   0.00000
1480.91321   0.00000
1481.91260   0.00000
1482.91199   0.00000
1483.91138   0.00000
1484.91077   0.00000
1485.91016   0.00000
1486.90955   0.00000
1487.90894   0.00000
1488.90833   0.00000
1489.90771   0.00000
1490.90710   0.00000
1491.90649   0.00000
1492.90588   0.00000
1493.90527   0.00000
1494.90466   0.00000
1495.90405   0.00000
1496.90344   0.00000
1497.90283   0.00000
1498.90222   0.00000
1499.90161   0.00000
1500.90112   0.00000
1501.90051   0.00000
1502.89990   0.00000
1503.89929   0.00000
1504.93359   0.00000
1505.93298   0.00000
1506.93237   0.00000
1507.93164   0.00000
1508.93103   0.00000
1509.93042   0.00000
1510.92981   0.00000
1511.92920   0.00000
1512.92859   0.00000
1513.92798   0.00000
1514.92737   0.00000
1515.92676   0.00000
1516.92615   0.00000
1517.92554   0.00000
1518.92493   0.00000
1519.92432   0.00000
1520.92371   0.00000
1521.92310   0.00000
1522.92249   0.00000
1523.92188   0.00000
1524.92126   0.00000
1525.92065   0.00000
1526.92004   0.00000
1527.91956   0.00000
1528.91895   0.00000
1529.91833   0.00000
1530.91772   0.00000
1531.91711   0.00000
1532.95142   0.00000
1533.95081   0.00000
1534.95020   0.00000
1535.94958   0.00000
1536.94897   0.00000
1537.94836   0.00000
1538.94763   0.00000
1539.94702   0.00000
1540.94641   0.00000
1541.94580   0.00000
1542.94519   0.00000
1543.94458   0.00000
1544.94397   0.00000
1545.94336   0.00000
1546.94275   0.00000
1547.94214   0.00000
1548.94153   0.00000
1549.94092   0.00000
1550.94031   0.00000
1551.93970   0.00000
1552.93921   0.00000
1553.93860   0.00000
1554.93799   0.00000
1555.93738   0.00000
1556.93677   0.00000
1557.93616   0.00000
1558.93555   0.00000
1559.93494   0.00000
1560.93433   0.00000
1561.96863   0.00000
1562.96802   0.00000
1563.96741   0.00000
1564.96680   0.00000
1565.96619   0.00000
1566.96558   0.00000
1567.96497   0.00000
1568.96436   0.00000
1569.96375   0.00000
1570.96313   0.00000
1571.96252   0.00000
1572.96191   0.00000
1573.96130   0.00000
1574.96069   0.00000
1575.96008   0.00000
1576.95947   0.00000
1577.95886   0.00000
1578.95825   0.00000
1579.95764   0.00000
1580.95703   0.00000
1581.95642   0.00000
1582.95581   0.00000
1583.95520   0.00000
1584.95459   0.00000
1585.95398   0.00000
1586.95337   0.00000
1587.95276   0.00000
1588.95215   0.00000
1589.95154   0.00000
1590.98584   0.00000
1591.98523   0.00000
1592.98462   0.00000
1593.98401   0.00000
1594.98340   0.00000
1595.98279   0.00000
1596.98218   0.00000
1597.98157   0.00000
1598.98096   0.00000
1599.98035   0.00000
1600.97974   0.00000
1601.97913   0.00000
1602.97852   0.00000
1603.97791   0.00000
1604.97729   0.00000
1605.97668   0.00000
1606.97607   0.00000
1607.97546   0.00000
1608.97485   0.00000
1609.97424   0.00000
1610.97363   0.00000
1611.97302   0.00000
1612.97241   0.00000
1613.97180   0.00000
1614.97119   0.00000
1615.97058   0.00000
1616.96997   0.00000
1617.96936   0.00000
1619.00366   0.00000
1620.00305   0.00000
1621.00244   0.00000
1622.00183   0.00000
1623.00122   0.00000
1624.00061   0.00000
1625.00000   0.00000
1625.99939   0.00000
1626.99878   0.00000
1627.99817   0.00000
1628.99756   0.00000
1629.99695   0.00000
1630.99634   0.00000
1631.99573   0.00000
1632.99512   0.00000
1633.99451   0.00000
1634.99390   0.00000
1635.99329   0.00000
1636.99268   0.00000
1637.99207   0.00000
1638.99146   0.00000
1639.99084   0.00000
1640.99023   0.00000
1641.98962   0.00000
1642.98901   0.00000
1643.98840   0.00000
1644.98779   0.00000
1645.98718   0.00000
1646.98669   0.00000
1648.02087   0.00000
1649.02026   0.00000
1650.01965   0.00000
1651.01904   0.00000
1652.01843   0.00000
1653.01782   0.00000
1654.01721   0.00000
1655.01660   0.00000
1656.01599   0.00000
1657.01538   0.00000
1658.01477   0.00000
1659.01416   0.00000
1660.01355   0.00000
1661.01294   0.00000
1662.01233   0.00000
1663.01172   0.00000
1664.01111   0.00000
1665.01050   0.00000
1666.00989   0.00000
1667.00928   0.00000
1668.00867   0.00000
1669.00806   0.00000
1670.00745   0.00000
1671.00684   0.00000
1672.00623   0.00000
1673.00574   0.00000
1674.00513   0.00000
1675.00452   0.00000
1676.00391   0.00000
1677.03821   0.00000
1678.03760   0.00000
1679.03699   0.00000
1680.03625   0.00000
1681.03564   0.00000
1682.03503   0.00000
1683.03442   0.00000
1684.03381   0.00000
1685.03320   0.00000
1686.03259   0.00000
1687.03198   0.00000
1688.03137   0.00000
1689.03076   0.00000
1690.03015   0.00000
1691.02954   0.00000
1692.02893   0.00000
1693.02832   0.00000
1694.02771   0.00000
1695.02710   0.00000
1696.02649   0.00000
1697.02588   0.00000
1698.02527   0.00000
1699.02478   0.00000
1700.02417   0.00000
1701.02356   0.00000
1702.02295   0.00000
1703.02234   0.00000
1704.02173   0.00000
1705.05603   0.00000
1706.05542   0.00000
1707.05481   0.00000
1708.05420   0.00000
1709.05359   0.00000
1710.05298   0.00000
1711.05237   0.00000
1712.05164   0.00000
1713.05103   0.00000
1714.05042   0.00000
1715.04980   0.00000
1716.04919   0.00000
1717.04858   0.00000
1718.04797   0.00000
1719.04736   0.00000
1720.04675   0.00000
1721.04614   0.00000
1722.04553   0.00000
1723.04492   0.00000
1724.04443   0.00000
1725.04382   0.00000
1726.04321   0.00000
1727.04260   0.00000
1728.04199   0.00000
1729.04138   0.00000
1730.04077   0.00000
1731.04016   0.00000
1732.03955   0.00000
1733.03894   0.00000
1734.07324   0.00000
1735.07263   0.00000
1736.07202   0.00000
1737.07141   0.00000
1738.07080   0.00000
1739.07019   0.00000
1740.06958   0.00000
1741.06897   0.00000
1742.06836   0.00000
1743.06775   0.00000
1744.06714   0.00000
1745.06653   0.00000
1746.06592   0.00000
1747.06531   0.00000
1748.06470   0.00000
1749.06409   0.00000
1750.06348   0.00000
1751.06287   0.00000
1752.06226   0.00000
1753.06165   0.00000
1754.06104   0.00000
1755.06042   0.00000
1756.05981   0.00000
1757.05920   0.00000
1758.05859   0.00000
1759.05798   0.00000
1760.05737   0.00000
1761.05676   0.00000
1762.05615   0.00000
1763.09045   0.00000
1764.08984   0.00000
1765.08923   0.00000
1766.08862   0.00000
1767.08801   0.00000
1768.08740   0.00000
1769.08679   0.00000
1770.08618   0.00000
1771.08557   0.00000
1772.08496   0.00000
1773.08435   0.00000
1774.08374   0.00000
1775.08313   0.00000
1776.08252   0.00000
1777.08191   0.00000
1778.08130   0.00000
1779.08069   0.00000
1780.08008   0.00000
1781.07947   0.00000
1782.07886   0.00000
1783.07825   0.00000
1784.07764   0.00000
1785.07703   0.00000
1786.07642   0.00000
1787.07581   0.00000
1788.07520   0.00000
1789.07458   0.00000
1790.07397   0.00000
1791.10828   0.00000
1792.10767   0.00000
1793.10706   0.00000
1794.10645   0.00000
1795.10583   0.00000
1796.10522   0.00000
1797.10461   0.00000
1798.10400   0.00000
1799.10339   0.00000
1800.10278   0.00000
1801.10217   0.00000
1802.10156   0.00000
1803.10095   0.00000
1804.10034   0.00000
1805.09973   0.00000
1806.09912   0.00000
1807.09851   0.00000
1808.09790   0.00000
1809.09729   0.00000
1810.09668   0.00000
1811.09607   0.00000
1812.09546   0.00000
1813.09485   0.00000
1814.09424   0.00000
1815.09363   0.00000
1816.09302   0.00000
1817.09241   0.00000
1818.09180   0.00000
1819.09131   0.00000
1820.12549   0.00000
1821.12488   0.00000
1822.12427   0.00000
1823.12366   0.00000
1824.12305   0.00000
1825.12244   0.00000
1826.12183   0.00000
1827.12122   0.00000
1828.12061   0.00000
1829.12000   0.00000
1830.11938   0.00000
1831.11877   0.00000
1832.11816   0.00000
1833.11755   0.00000
1834.11694   0.00000
1835.11633   0.00000
1836.11572   0.00000
1837.11511   0.00000
1838.11450   0.00000
1839.11389   0.00000
1840.11328   0.00000
1841.11267   0.00000
1842.11206   0.00000
1843.11145   0.00000
1844.11084   0.00000
1845.11035   0.00000
1846.10974   0.00000
1847.10913   0.00000
1848.10852   0.00000
1849.14282   0.00000
1850.14221   0.00000
1851.14148   0.00000
1852.14087   0.00000
1853.14026   0.00000
1854.13965   0.00000
1855.13904   0.00000
1856.13843   0.00000
1857.13782   0.00000
1858.13721   0.00000
1859.13660   0.00000
1860.13599   0.00000
1861.13538   0.00000
1862.13477   0.00000
1863.13416   0.00000
1864.13354   0.00000
1865.13293   0.00000
1866.13232   0.00000
1867.13171   0.00000
1868.13110   0.00000
1869.13049   0.00000
1870.12988   0.00000
1871.12939   0.00000
1872.12878   0.00000
1873.12817   0.00000
1874.12756   0.00000
1875.12695   0.00000
1876.12634   0.00000
1877.16064   0.00000
1878.16003   0.00000
1879.15942   0.00000
1880.15881   0.00000
1881.15820   0.00000
1882.15759   0.00000
1883.15698   0.00000
1884.15625   0.00000
1885.15564   0.00000
1886.15503   0.00000
1887.15442   0.00000
1888.15381   0.00000
1889.15320   0.00000
1890.15259   0.00000
1891.15198   0.00000
1892.15137   0.00000
1893.15076   0.00000
1894.15015   0.00000
1895.14966   0.00000
1896.14905   0.00000
1897.14844   0.00000
1898.14783   0.00000
1899.14722   0.00000
1900.14661   0.00000
1901.14600   0.00000
1902.14539   0.00000
1903.14478   0.00000
1904.14417   0.00000
1905.14355   0.00000
1906.17786   0.00000
1907.17725   0.00000
1908.17664   0.00000
1909.17603   0.00000
1910.17542   0.00000
1911.17480   0.00000
1912.17419   0.00000
1913.17358   0.00000
1914.17297   0.00000
1915.17236   0.00000
1916.17175   0.00000
1917.17114   0.00000
1918.17053   0.00000
1919.16992   0.00000
1920.16931   0.00000
1921.16870   0.00000
1922.16809   0.00000
1923.16748   0.00000
1924.16687   0.00000
1925.16626   0.00000
1926.16565   0.00000
1927.16504   0.00000
1928.16443   0.00000
1929.16382   0.00000
1930.16321   0.00000
1931.16260   0.00000
1932.16199   0.00000
1933.16138   0.00000
1934.16077   0.00000
1935.19507   0.00000
1936.19446   0.00000
1937.19385   0.00000
1938.19324   0.00000
1939.19263   0.00000
1940.19202   0.00000
1941.19141   0.00000
1942.19080   0.00000
1943.19019   0.00000
1944.18958   0.00000
1945.18896   0.00000
1946.18835   0.00000
1947.18774   0.00000
1948.18713   0.00000
1949.18652   0.00000
1950.18591   0.00000
1951.18530   0.00000
1952.18469   0.00000
1953.18408   0.00000
1954.18347   0.00000
1955.18286   0.00000
1956.18225   0.00000
1957.18164   0.00000
1958.18103   0.00000
1959.18042   0.00000
1960.17981   0.00000
1961.17920   0.00000
1962.17859   0.00000
1963.21289   0.00000
1964.21228   0.00000
1965.21167   0.00000
1966.21106   0.00000
1967.21045   0.00000
1968.20984   0.00000
1969.20923   0.00000
1970.20862   0.00000
1971.20801   0.00000
1972.20740   0.00000
1973.20679   0.00000
1974.20618   0.00000
1975.20557   0.00000
1976.20496   0.00000
1977.20435   0.00000
1978.20374   0.00000
1979.20313   0.00000
1980.20251   0.00000
1981.20190   0.00000
1982.20129   0.00000
1983.20068   0.00000
1984.20007   0.00000
1985.19946   0.00000
1986.19885   0.00000
1987.19824   0.00000
1988.19763   0.00000
1989.19702   0.00000
1990.19653   0.00000
1991.19592   0.00000
1992.23010   0.00000
1993.22949   0.00000
1994.22888   0.00000
1995.22827   0.00000
1996.22766   0.00000
1997.22705   0.00000
1998.22644   0.00000
1999.22583   0.00000
2000.22522   0.00000
2001.22461   0.00000
2002.22400   0.00000
2003.22339   0.00000
2004.22278   0.00000
2005.22217   0.00000
2006.22156   0.00000
2007.22095   0.00000
2008.22034   0.00000
2009.21973   0.00000
2010.21912   0.00000
2011.21851   0.00000
2012.21790   0.00000
2013.21729   0.00000
2014.21667   0.00000
2015.21606   0.00000
2016.21545   0.00000
2017.21497   0.00000
2018.21436   0.00000
2019.21375   0.00000
2020.21313   0.00000
2021.24744   0.00000
2022.24683   0.00000
2023.24609   0.00000
2024.24548   0.00000
2025.24487   0.00000
2026.24426   0.00000
2027.24365   0.00000
2028.24304   0.00000
2029.24243   0.00000
2030.24182   0.00000
2031.24121   0.00000
2032.24060   0.00000
2033.23999   0.00000
2034.23938   0.00000
2035.23877   0.00000
2036.23816   0.00000
2037.23755   0.00000
2038.23694   0.00000
2039.23633   0.00000
2040.23572   0.00000
2041.23511   0.00000
2042.23462   0.00000
2043.23401   0.00000
2044.23340   0.00000
2045.23279   0.00000
2046.23218   0.00000
2047.23157   0.00000
2048.23096   0.00000
2049.26514   0.00000
2050.26465   0.00000
2051.26392   0.00000
2052.26343   0.00000
2053.26270   0.00000
2054.26221   0.00000
2055.26147   0.00000
2056.26099   0.00000
2057.26025   0.00000
2058.25977   0.00000
2059.25903   0.00000
2060.25854   0.00000
2061.25781   0.00000
2062.25732   0.00000
2063.25659   0.00000
2064.25610   0.00000
2065.25537   0.00000
2066.25488   0.00000
2067.25415   0.00000
2068.25366   0.00000
2069.25293   0.00000
2070.25244   0.00000
2071.25171   0.00000
2072.25122   0.00000
2073.25049   0.00000
2074.25000   0.00000
2075.24927   0.00000
2076.24878   0.00000
2077.24829   0.00000
2078.28247   0.00000
2079.28174   0.00000
2080.28125   0.00000
2081.28052   0.00000
2082.28003   0.00000
2083.27930   0.00000
2084.27881   0.00000
2085.27808   0.00000
2086.27759   0.00000
2087.27686   0.00000
2088.27637   0.00000
2089.27563   0.00000
2090.27515   0.00000
2091.27441   0.00000
2092.27393   0.00000
2093.27319   0.00000
2094.27271   0.00000
2095.27197   0.00000
2096.27148   0.00000
2097.27075   0.00000
2098.27026   0.00000
2099.26953   0.00000
2100.26904   0.00000
2101.26831   0.00000
2102.26782   0.00000
2103.26733   0.00000
2104.26660   0.00000
2105.26611   0.00000
2106.26538   0.00000
2107.29980   0.00000
2108.29907   0.00000
2109.29834   0.00000
2110.29785   0.00000
2111.29712   0.00000
2112.29663   0.00000
2113.29590   0.00000
2114.29541   0.00000
2115.29468   0.00000
2116.29419   0.00000
2117.29346   0.00000
2118.29297   0.00000
2119.29224   0.00000
2120.29175   0.00000
2121.29102   0.00000
2122.29053   0.00000
2123.28979   0.00000
2124.28931   0.00000
2125.28857   0.00000
2126.28809   0.00000
2127.28735   0.00000
2128.28687   0.00000
2129.28638   0.00000
2130.28564   0.00000
2131.28516   0.00000
2132.28442   0.00000
2133.28394   0.00000
2134.28320   0.00000
2135.31763   0.00000
2136.31689   0.00000
2137.31641   0.00000
2138.31567   0.00000
2139.31519   0.00000
2140.31445   0.00000
2141.31396   0.00000
2142.31323   0.00000
2143.31274   0.00000
2144.31201   0.00000
2145.31128   0.00000
2146.31079   0.00000
2147.31006   0.00000
2148.30957   0.00000
2149.30884   0.00000
2150.30835   0.00000
2151.30786   0.00000
2152.30713   0.00000
2153.30664   0.00000
2154.30591   0.00000
2155.30542   0.00000
2156.30469   0.00000
2157.30420   0.00000
2158.30347   0.00000
2159.30298   0.00000
2160.30225   0.00000
2161.30176   0.00000
2162.30103   0.00000
2163.30054   0.00000
2164.33472   0.00000
2165.33423   0.00000
2166.33350   0.00000
2167.33301   0.00000
2168.33228   0.00000
2169.33179   0.00000
2170.33105   0.00000
2171.33057   0.00000
2172.32983   0.00000
2173.32935   0.00000
2174.32861   0.00000
2175.32813   0.00000
2176.32739   0.00000
2177.32690   0.00000
2178.32617   0.00000
2179.32568   0.00000
2180.32495   0.00000
2181.32446   0.00000
2182.32373   0.00000
2183.32324   0.00000
2184.32251   0.00000
2185.32202   0.00000
2186.32129   0.00000
2187.32080   0.00000
2188.32007   0.00000
2189.31958   0.00000
2190.31885   0.00000
2191.31836   0.00000
2192.31763   0.00000
2193.35205   0.00000
2194.35132   0.00000
2195.35083   0.00000
2196.35010   0.00000
2197.34961   0.00000
2198.34888   0.00000
2199.34839   0.00000
2200.34766   0.00000
2201.34717   0.00000
2202.34644   0.00000
2203.34595   0.00000
2204.34521   0.00000
2205.34473   0.00000
2206.34399   0.00000
2207.34351   0.00000
2208.34277   0.00000
2209.34229   0.00000
2210.34155   0.00000
2211.34106   0.00000
2212.34033   0.00000
2213.33984   0.00000
2214.33911   0.00000
2215.33862   0.00000
2216.33789   0.00000
2217.33740   0.00000
2218.33667   0.00000
2219.33618   0.00000
2220.33545   0.00000
2221.36987   0.00000
2222.36914   0.00000
2223.36865   0.00000
2224.36792   0.00000
2225.36743   0.00000
2226.36670   0.00000
2227.36621   0.00000
2228.36548   0.00000
2229.36499   0.00000
2230.36426   0.00000
2231.36377   0.00000
2232.36304   0.00000
2233.36255   0.00000
2234.36182   0.00000
2235.36133   0.00000
2236.36060   0.00000
2237.36011   0.00000
2238.35938   0.00000
2239.35889   0.00000
2240.35815   0.00000
2241.35767   0.00000
2242.35693   0.00000
2243.35645   0.00000
2244.35571   0.00000
2245.35522   0.00000
2246.35449   0.00000
2247.35400   0.00000
2248.35352   0.00000
2249.35278   0.00000
2250.38696   0.00000
2251.38647   0.00000
2252.38574   0.00000
2253.38525   0.00000
2254.38452   0.00000
2255.38403   0.00000
2256.38330   0.00000
2257.38281   0.00000
2258.38208   0.00000
2259.38159   0.00000
2260.38086   0.00000
2261.38037   0.00000
2262.37964   0.00000
2263.37915   0.00000
2264.37842   0.00000
2265.37793   0.00000
2266.37720   0.00000
2267.37671   0.00000
2268.37598   0.00000
2269.37549   0.00000
2270.37476   0.00000
2271.37427   0.00000
2272.37354   0.00000
2273.37305   0.00000
2274.37256   0.00000
2275.37183   0.00000
2276.37134   0.00000
2277.37061   0.00000
2278.40503   0.00000
2279.40430   0.00000
2280.40381   0.00000
2281.40308   0.00000
2282.40234   0.00000
2283.40186   0.00000
2284.40112   0.00000
2285.40063   0.00000
2286.39990   0.00000
2287.39941   0.00000
2288.39868   0.00000
2289.39819   0.00000
2290.39746   0.00000
2291.39697   0.00000
2292.39624   0.00000
2293.39575   0.00000
2294.39502   0.00000
2295.39453   0.00000
2296.39380   0.00000
2297.39331   0.00000
2298.39258   0.00000
2299.39209   0.00000
2300.39160   0.00000
2301.39087   0.00000
2302.39038   0.00000
2303.38965   0.00000
2304.38916   0.00000
2305.38843   0.00000
2306.38794   0.00000
2307.42212   0.00000
2308.42163   0.00000
2309.42090   0.00000
2310.42041   0.00000
2311.41968   0.00000
2312.41919   0.00000
2313.41846   0.00000
2314.41797   0.00000
2315.41724   0.00000
2316.41675   0.00000
2317.41602   0.00000
2318.41553   0.00000
2319.41479   0.00000
2320.41431   0.00000
2321.41357   0.00000
2322.41309   0.00000
2323.41235   0.00000
2324.41187   0.00000
2325.41113   0.00000
2326.41064   0.00000
2327.40991   0.00000
2328.40942   0.00000
2329.40869   0.00000
2330.40820   0.00000
2331.40747   0.00000
2332.40698   0.00000
2333.40625   0.00000
2334.40576   0.00000
2335.40503   0.00000
2336.43945   0.00000
2337.43872   0.00000
2338.43823   0.00000
2339.43750   0.00000
2340.43701   0.00000
2341.43628   0.00000
2342.43579   0.00000
2343.43506   0.00000
2344.43457   0.00000
2345.43384   0.00000
2346.43335   0.00000
2347.43262   0.00000
2348.43213   0.00000
2349.43140   0.00000
2350.43091   0.00000
2351.43018   0.00000
2352.42969   0.00000
2353.42896   0.00000
2354.42847   0.00000
2355.42773   0.00000
2356.42725   0.00000
2357.42651   0.00000
2358.42603   0.00000
2359.42529   0.00000
2360.42480   0.00000
2361.42407   0.00000
2362.42358   0.00000
2363.42285   0.00000
2364.45728   0.00000
2365.45654   0.00000
2366.45605   0.00000
2367.45532   0.00000
2368.45483   0.00000
2369.45410   0.00000
2370.45361   0.00000
2371.45288   0.00000
2372.45239   0.00000
2373.45166   0.00000
2374.45117   0.00000
2375.45044   0.00000
2376.44995   0.00000
2377.44922   0.00000
2378.44873   0.00000
2379.44800   0.00000
2380.44751   0.00000
2381.44678   0.00000
2382.44629   0.00000
2383.44556   0.00000
2384.44507   0.00000
2385.44434   0.00000
2386.44385   0.00000
2387.44312   0.00000
2388.44263   0.00000
2389.44189   0.00000
2390.44141   0.00000
2391.44067   0.00000
2392.44019   0.00000
2393.47437   0.00000
2394.47388   0.00000
2395.47314   0.00000
2396.47266   0.00000
2397.47192   0.00000
2398.47144   0.00000
2399.47070   0.00000
2400.47021   0.00000
2401.46948   0.00000
2402.46899   0.00000
2403.46826   0.00000
2404.46777   0.00000
2405.46704   0.00000
2406.46655   0.00000
2407.46582   0.00000
2408.46533   0.00000
2409.46460   0.00000
2410.46411   0.00000
2411.46338   0.00000
2412.46289   0.00000
2413.46216   0.00000
2414.46167   0.00000
2415.46094   0.00000
2416.46045   0.00000
2417.45972   0.00000
2418.45923   0.00000
2419.45850   0.00000
2420.45801   0.00000
2421.45752   0.00000
2422.49170   0.00000
2423.49097   0.00000
2424.49048   0.00000
2425.48975   0.00000
2426.48926   0.00000
2427.48853   0.00000
2428.48804   0.00000
2429.48730   0.00000
2430.48682   0.00000
2431.48608   0.00000
2432.48560   0.00000
2433.48486   0.00000
2434.48438   0.00000
2435.48364   0.00000
2436.48315   0.00000
2437.48242   0.00000
2438.48193   0.00000
2439.48120   0.00000
2440.48071   0.00000
2441.47998   0.00000
2442.47949   0.00000
2443.47876   0.00000
2444.47827   0.00000
2445.47778   0.00000
2446.47705   0.00000
2447.47656   0.00000
2448.47583   0.00000
2449.47534   0.00000
2450.50952   0.00000
2451.50903   0.00000
2452.50830   0.00000
2453.50781   0.00000
2454.50708   0.00000
2455.50635   0.00000
2456.50586   0.00000
2457.50513   0.00000
2458.50464   0.00000
2459.50391   0.00000
2460.50342   0.00000
2461.50269   0.00000
2462.50220   0.00000
2462.50220   0.00000
2463.50146   0.00000
2464.50098   0.00000
2465.50024   0.00000
2466.49976   0.00000
2467.49902   0.00000
2468.49854   0.00000
2469.49780   0.00000
2470.49731   0.00000
2471.49683   0.00000
2472.49609   0.00000
2473.49561   0.00000
2474.49487   0.00000
2475.49438   0.00000
2476.49365   0.00000
2477.49316   0.00000
2478.52734   0.00000
2479.52686   0.00000
2480.52612   0.00000
2481.52563   0.00000
2482.52490   0.00000
2483.52441   0.00000
2484.52368   0.00000
2485.52319   0.00000
2486.52246   0.00000
2487.52197   0.00000
2488.52124   0.00000
2489.52075   0.00000
2490.52002   0.00000
2491.51953   0.00000
2492.51880   0.00000
2493.51831   0.00000
2494.51758   0.00000
2495.51709   0.00000
2496.51636   0.00000
2497.51587   0.00000
2498.51514   0.00000
