   0.00000   0.81577
   1.00000   0.79571
   2.00000   0.77838
   3.00000   0.76378
   4.00000   0.75106
   5.00000   0.73953
   6.00000   0.72884
   7.00000   0.71878
   8.00000   0.70921
   9.00000   0.70004
  10.00000   0.69118
  11.00000   0.68262
  12.00000   0.67430
  13.00000   0.66621
  14.00000   0.65833
  15.03330   0.64805
  16.03122   0.64093
  17.02939   0.63377
  18.02776   0.62673
  19.02630   0.61979
  20.02498   0.61296
  21.02380   0.60624
  22.02271   0.59962
  23.02173   0.59311
  24.02082   0.58671
  25.01999   0.58040
  26.01922   0.57420
  27.01851   0.56809
  28.01785   0.56207
  29.01724   0.55613
  30.01666   0.55028
  31.01612   0.54452
  32.01562   0.53884
  33.01515   0.53324
  34.01470   0.52771
  35.01428   0.52227
  36.01389   0.51690
  37.01351   0.51160
  38.01316   0.50638
  39.01282   0.50123
  40.01250   0.49615
  41.01219   0.49114
  42.01190   0.48620
  43.04649   0.47965
  44.04543   0.47505
  45.04442   0.47039
  46.04346   0.46578
  47.04253   0.46120
  48.04165   0.45665
  49.04080   0.45217
  50.03999   0.44773
  51.03920   0.44335
  52.03845   0.43901
  53.03772   0.43472
  54.03703   0.43049
  55.03635   0.42630
  56.03570   0.42217
  57.03508   0.41809
  58.03447   0.41406
  59.03389   0.41007
  60.03333   0.40613
  61.03278   0.40225
  62.03225   0.39841
  63.03174   0.39461
  64.03124   0.39085
  65.03076   0.38714
  66.03030   0.38348
  67.02985   0.37986
  68.02940   0.37629
  69.02898   0.37275
  70.02856   0.36925
  71.02816   0.36580
  72.06247   0.36126
  73.06161   0.35804
  74.06078   0.35478
  75.05997   0.35154
  76.05919   0.34833
  77.05842   0.34515
  78.05767   0.34200
  79.05694   0.33888
  80.05623   0.33579
  81.05553   0.33274
  82.05486   0.32972
  83.05420   0.32674
  84.05355   0.32379
  85.05293   0.32089
  86.05231   0.31801
  87.05171   0.31518
  88.05112   0.31238
  89.05054   0.30961
  90.04999   0.30688
  91.04944   0.30417
  92.04890   0.30149
  93.04838   0.29884
  94.04786   0.29622
  95.04736   0.29362
  96.04687   0.29106
  97.04638   0.28853
  98.04591   0.28603
  99.04544   0.28356
 100.04499   0.28110
 101.07918   0.27787
 102.07840   0.27557
 103.07764   0.27323
 104.07690   0.27091
 105.07616   0.26861
 106.07545   0.26632
 107.07474   0.26406
 108.07405   0.26181
 109.07337   0.25960
 110.07270   0.25742
 111.07205   0.25526
 112.07140   0.25313
 113.07078   0.25102
 114.07015   0.24893
 115.06954   0.24686
 116.06895   0.24481
 117.06836   0.24278
 118.06778   0.24078
 119.06721   0.23879
 120.06665   0.23682
 121.06610   0.23487
 122.06556   0.23293
 123.06503   0.23102
 124.06450   0.22913
 125.06398   0.22726
 126.06348   0.22540
 127.06297   0.22356
 128.06248   0.22174
 129.09686   0.21935
 130.09612   0.21764
 131.09538   0.21590
 132.09467   0.21417
 133.09395   0.21245
 134.09325   0.21073
 135.09256   0.20903
 136.09187   0.20734
 137.09122   0.20567
 138.09055   0.20401
 139.08990   0.20237
 140.08926   0.20075
 141.08862   0.19914
 142.08800   0.19755
 143.08739   0.19598
 144.08678   0.19441
 145.08618   0.19286
 146.08559   0.19133
 147.08501   0.18981
 148.08444   0.18830
 149.08386   0.18681
 150.08331   0.18533
 151.08276   0.18386
 152.08221   0.18241
 153.08168   0.18097
 154.08115   0.17954
 155.08063   0.17813
 156.08011   0.17673
 157.07961   0.17535
 158.11388   0.17355
 159.11317   0.17226
 160.11246   0.17094
 161.11176   0.16962
 162.11107   0.16832
 163.11040   0.16703
 164.10973   0.16575
 165.10905   0.16448
 166.10840   0.16322
 167.10774   0.16198
 168.10710   0.16075
 169.10648   0.15952
 170.10585   0.15831
 171.10522   0.15711
 172.10461   0.15592
 173.10402   0.15474
 174.10342   0.15356
 175.10283   0.15240
 176.10225   0.15125
 177.10167   0.15010
 178.10109   0.14897
 179.10052   0.14785
 180.09998   0.14674
 181.09943   0.14564
 182.09888   0.14454
 183.09833   0.14346
 184.09779   0.14239
 185.09727   0.14133
 186.09676   0.14028
 187.13097   0.13889
 188.13028   0.13789
 189.12958   0.13687
 190.12891   0.13586
 191.12823   0.13485
 192.12756   0.13385
 193.12691   0.13286
 194.12625   0.13188
 195.12560   0.13090
 196.12495   0.12993
 197.12433   0.12897
 198.12370   0.12801
 199.12308   0.12706
 200.12247   0.12611
 201.12186   0.12517
 202.12125   0.12424
 203.12065   0.12331
 204.12006   0.12240
 205.11948   0.12149
 206.11890   0.12058
 207.11832   0.11969
 208.11775   0.11880
 209.11719   0.11793
 210.11664   0.11706
 211.11609   0.11621
 212.11554   0.11536
 213.11499   0.11452
 214.11446   0.11369
 215.14879   0.11260
 216.14810   0.11182
 217.14742   0.11102
 218.14674   0.11023
 219.14607   0.10944
 220.14540   0.10866
 221.14474   0.10788
 222.14410   0.10710
 223.14345   0.10633
 224.14281   0.10557
 225.14218   0.10482
 226.14156   0.10407
 227.14093   0.10333
 228.14030   0.10259
 229.13969   0.10185
 230.13908   0.10112
 231.13849   0.10039
 232.13789   0.09967
 233.13730   0.09896
 234.13672   0.09825
 235.13612   0.09755
 236.13556   0.09686
 237.13498   0.09618
 238.13441   0.09550
 239.13385   0.09484
 240.13330   0.09418
 241.13274   0.09353
 242.13220   0.09288
 243.13165   0.09223
 244.16592   0.09139
 245.16525   0.09079
 246.16458   0.09018
 247.16391   0.08957
 248.16325   0.08896
 249.16260   0.08835
 250.16194   0.08776
 251.16130   0.08716
 252.16066   0.08657
 253.16003   0.08598
 254.15939   0.08540
 255.15877   0.08482
 256.15814   0.08425
 257.15753   0.08368
 258.15692   0.08311
 259.15631   0.08255
 260.15573   0.08199
 261.15512   0.08144
 262.15454   0.08089
 263.15396   0.08034
 264.15335   0.07981
 265.15277   0.07928
 266.15222   0.07875
 267.15164   0.07823
 268.15106   0.07772
 269.15051   0.07722
 270.14996   0.07672
 271.14941   0.07622
 272.14886   0.07573
 273.18307   0.07508
 274.18243   0.07461
 275.18176   0.07414
 276.18109   0.07367
 277.18045   0.07321
 278.17981   0.07274
 279.17917   0.07228
 280.17853   0.07182
 281.17789   0.07136
 282.17725   0.07090
 283.17664   0.07045
 284.17599   0.06999
 285.17538   0.06954
 286.17477   0.06909
 287.17416   0.06865
 288.17355   0.06820
 289.17297   0.06776
 290.17236   0.06733
 291.17178   0.06690
 292.17117   0.06647
 293.17059   0.06605
 294.17001   0.06563
 295.16943   0.06522
 296.16888   0.06481
 297.16830   0.06441
 298.16772   0.06401
 299.16718   0.06362
 300.16663   0.06323
 301.20093   0.06271
 302.20026   0.06234
 303.19962   0.06196
 304.19894   0.06158
 305.19830   0.06121
 306.19766   0.06083
 307.19699   0.06045
 308.19638   0.06007
 309.19574   0.05970
 310.19510   0.05932
 311.19446   0.05895
 312.19385   0.05858
 313.19324   0.05822
 314.19263   0.05785
 315.19202   0.05749
 316.19141   0.05713
 317.19080   0.05677
 318.19019   0.05642
 319.18961   0.05607
 320.18900   0.05572
 321.18842   0.05537
 322.18784   0.05502
 323.18726   0.05468
 324.18668   0.05435
 325.18610   0.05401
 326.18552   0.05369
 327.18497   0.05337
 328.18439   0.05305
 329.18384   0.05273
 330.21811   0.05232
 331.21744   0.05202
 332.21680   0.05171
 333.21616   0.05141
 334.21548   0.05110
 335.21484   0.05080
 336.21420   0.05050
 337.21359   0.05020
 338.21295   0.04989
 339.21231   0.04959
 340.21170   0.04929
 341.21109   0.04900
 342.21045   0.04870
 343.20984   0.04840
 344.20923   0.04810
 345.20862   0.04781
 346.20804   0.04751
 347.20743   0.04722
 348.20685   0.04693
 349.20624   0.04664
 350.20566   0.04635
 351.20508   0.04607
 352.20450   0.04579
 353.20392   0.04551
 354.20334   0.04523
 355.20276   0.04496
 356.20218   0.04469
 357.20163   0.04442
 358.20105   0.04416
 359.23529   0.04381
 360.23465   0.04356
 361.23401   0.04331
 362.23334   0.04306
 363.23270   0.04280
 364.23206   0.04255
 365.23145   0.04230
 366.23080   0.04205
 367.23016   0.04180
 368.22955   0.04156
 369.22891   0.04131
 370.22830   0.04107
 371.22769   0.04083
 372.22708   0.04059
 373.22647   0.04035
 374.22586   0.04011
 375.22528   0.03987
 376.22467   0.03964
 377.22406   0.03940
 378.22348   0.03917
 379.22290   0.03894
 380.22229   0.03871
 381.22171   0.03849
 382.22113   0.03826
 383.22055   0.03803
 384.22000   0.03781
 385.21942   0.03759
 386.21884   0.03738
 387.25314   0.03709
 388.25250   0.03689
 389.25186   0.03668
 390.25119   0.03647
 391.25055   0.03626
 392.24991   0.03605
 393.24930   0.03584
 394.24866   0.03563
 395.24802   0.03543
 396.24741   0.03522
 397.24677   0.03502
 398.24615   0.03482
 399.24554   0.03462
 400.24493   0.03442
 401.24432   0.03422
 402.24371   0.03402
 403.24310   0.03382
 404.24249   0.03362
 405.24191   0.03342
 406.24130   0.03323
 407.24072   0.03304
 408.24011   0.03285
 409.23953   0.03266
 410.23895   0.03247
 411.23837   0.03229
 412.23779   0.03210
 413.23721   0.03192
 414.23663   0.03173
 415.23608   0.03155
 416.27036   0.03132
 417.26968   0.03115
 418.26904   0.03098
 419.26840   0.03081
 420.26776   0.03063
 421.26715   0.03046
 422.26651   0.03028
 423.26587   0.03011
 424.26526   0.02994
 425.26462   0.02977
 426.26401   0.02960
 427.26340   0.02943
 428.26276   0.02926
 429.26215   0.02909
 430.26154   0.02893
 431.26096   0.02876
 432.26035   0.02860
 433.25974   0.02843
 434.25912   0.02827
 435.25854   0.02811
 436.25797   0.02795
 437.25735   0.02779
 438.25677   0.02764
 439.25620   0.02748
 440.25562   0.02733
 441.25504   0.02717
 442.25446   0.02702
 443.25388   0.02687
 444.25330   0.02672
 445.28754   0.02653
 446.28690   0.02639
 447.28625   0.02625
 448.28561   0.02611
 449.28497   0.02597
 450.28436   0.02583
 451.28372   0.02569
 452.28311   0.02556
 453.28247   0.02542
 454.28186   0.02528
 455.28122   0.02514
 456.28061   0.02500
 457.28000   0.02487
 458.27939   0.02473
 459.27878   0.02459
 460.27817   0.02445
 461.27759   0.02432
 462.27698   0.02418
 463.27637   0.02405
 464.27579   0.02392
 465.27518   0.02378
 466.27460   0.02365
 467.27402   0.02352
 468.27344   0.02339
 469.27283   0.02326
 470.27225   0.02313
 471.27170   0.02301
 472.27112   0.02288
 473.30539   0.02271
 474.30475   0.02258
 475.30411   0.02246
 476.30347   0.02234
 477.30283   0.02222
 478.30222   0.02209
 479.30157   0.02197
 480.30093   0.02185
 481.30032   0.02172
 482.29971   0.02160
 483.29907   0.02148
 484.29846   0.02135
 485.29785   0.02123
 486.29724   0.02111
 487.29663   0.02099
 488.29602   0.02087
 489.29541   0.02074
 490.29480   0.02062
 491.29422   0.02050
 492.29361   0.02039
 493.29303   0.02027
 494.29242   0.02015
 495.29184   0.02004
 496.29126   0.01992
 497.29065   0.01981
 498.29007   0.01970
 499.28949   0.01958
 500.28891   0.01947
 501.28833   0.01936
 502.32260   0.01921
 503.32196   0.01910
 504.32132   0.01900
 505.32068   0.01889
 506.32007   0.01879
 507.31943   0.01868
 508.31879   0.01858
 509.31818   0.01847
 510.31754   0.01837
 511.31693   0.01826
 512.31628   0.01816
 513.31567   0.01805
 514.31506   0.01795
 515.31445   0.01785
 516.31384   0.01775
 517.31323   0.01765
 518.31262   0.01754
 519.31207   0.01744
 520.31146   0.01734
 521.31085   0.01725
 522.31024   0.01715
 523.30963   0.01705
 524.30908   0.01696
 525.30847   0.01686
 526.30792   0.01677
 527.30731   0.01667
 528.30670   0.01658
 529.30615   0.01649
 530.30554   0.01640
 531.33984   0.01628
 532.33917   0.01619
 533.33856   0.01610
 534.33789   0.01602
 535.33728   0.01593
 536.33667   0.01585
 537.33600   0.01576
 538.33539   0.01567
 539.33478   0.01559
 540.33417   0.01550
 541.33356   0.01541
 542.33295   0.01533
 543.33234   0.01524
 544.33173   0.01516
 545.33112   0.01507
 546.33051   0.01499
 547.32990   0.01490
 548.32928   0.01482
 549.32867   0.01474
 550.32806   0.01466
 551.32751   0.01458
 552.32690   0.01450
 553.32629   0.01442
 554.32574   0.01434
 555.32513   0.01426
 556.32452   0.01418
 557.32397   0.01411
 558.32336   0.01403
 559.35767   0.01393
 560.35706   0.01385
 561.35638   0.01378
 562.35577   0.01371
 563.35510   0.01364
 564.35449   0.01356
 565.35388   0.01349
 566.35327   0.01342
 567.35260   0.01334
 568.35199   0.01327
 569.35138   0.01319
 570.35077   0.01312
 571.35016   0.01304
 572.34955   0.01297
 573.34894   0.01290
 574.34833   0.01283
 575.34772   0.01276
 576.34711   0.01268
 577.34650   0.01261
 578.34595   0.01254
 579.34534   0.01247
 580.34473   0.01240
 581.34412   0.01233
 582.34357   0.01227
 583.34296   0.01220
 584.34235   0.01213
 585.34180   0.01206
 586.34119   0.01200
 587.34064   0.01193
 588.37488   0.01184
 589.37427   0.01178
 590.37360   0.01172
 591.37299   0.01166
 592.37238   0.01160
 593.37170   0.01154
 594.37109   0.01148
 595.37048   0.01142
 596.36987   0.01136
 597.36926   0.01129
 598.36859   0.01123
 599.36798   0.01117
 600.36737   0.01111
 601.36676   0.01105
 602.36615   0.01099
 603.36554   0.01093
 604.36493   0.01087
 605.36438   0.01081
 606.36377   0.01075
 607.36316   0.01069
 608.36255   0.01063
 609.36194   0.01058
 610.36139   0.01052
 611.36078   0.01046
 612.36017   0.01040
 613.35962   0.01034
 614.35901   0.01029
 615.35846   0.01023
 616.35785   0.01018
 617.39209   0.01010
 618.39148   0.01005
 619.39081   0.01000
 620.39020   0.00995
 621.38959   0.00990
 622.38892   0.00985
 623.38831   0.00979
 624.38770   0.00974
 625.38708   0.00969
 626.38647   0.00964
 627.38586   0.00959
 628.38525   0.00953
 629.38464   0.00948
 630.38403   0.00943
 631.38342   0.00937
 632.38281   0.00932
 633.38220   0.00927
 634.38159   0.00922
 635.38098   0.00916
 636.38037   0.00911
 637.37982   0.00906
 638.37921   0.00901
 639.37860   0.00895
 640.37799   0.00890
 641.37744   0.00885
 642.37683   0.00880
 643.37622   0.00875
 644.37567   0.00871
 645.40997   0.00864
 646.40930   0.00859
 647.40869   0.00855
 648.40802   0.00851
 649.40741   0.00847
 650.40680   0.00842
 651.40619   0.00838
 652.40558   0.00834
 653.40491   0.00829
 654.40430   0.00825
 655.40369   0.00821
 656.40308   0.00817
 657.40247   0.00812
 658.40186   0.00808
 659.40125   0.00804
 660.40063   0.00800
 661.40002   0.00796
 662.39941   0.00791
 663.39880   0.00787
 664.39825   0.00782
 665.39764   0.00778
 666.39703   0.00774
 667.39642   0.00769
 668.39581   0.00765
 669.39526   0.00761
 670.39465   0.00756
 671.39404   0.00752
 672.39349   0.00748
 673.39288   0.00744
 674.42719   0.00738
 675.42651   0.00735
 676.42590   0.00731
 677.42529   0.00727
 678.42462   0.00724
 679.42401   0.00720
 680.42340   0.00716
 681.42279   0.00712
 682.42218   0.00709
 683.42151   0.00705
 684.42090   0.00701
 685.42029   0.00697
 686.41968   0.00694
 687.41907   0.00690
 688.41846   0.00686
 689.41785   0.00682
 690.41724   0.00678
 691.41669   0.00674
 692.41608   0.00670
 693.41547   0.00666
 694.41486   0.00663
 695.41425   0.00659
 696.41370   0.00655
 697.41309   0.00651
 698.41248   0.00647
 699.41193   0.00643
 700.41132   0.00640
 701.41071   0.00636
 702.41016   0.00633
 703.44440   0.00629
 704.44373   0.00626
 705.44312   0.00623
 706.44250   0.00620
 707.44189   0.00617
 708.44122   0.00614
 709.44061   0.00610
 710.44000   0.00607
 711.43939   0.00604
 712.43878   0.00601
 713.43817   0.00597
 714.43756   0.00594
 715.43695   0.00591
 716.43634   0.00587
 717.43573   0.00584
 718.43512   0.00580
 719.43451   0.00577
 720.43390   0.00573
 721.43329   0.00570
 722.43268   0.00566
 723.43207   0.00563
 724.43152   0.00559
 725.43091   0.00556
 726.43030   0.00552
 727.42975   0.00549
 728.42914   0.00546
 729.42853   0.00542
 730.42798   0.00539
 731.46222   0.00535
 732.46161   0.00532
 733.46100   0.00530
 734.46033   0.00527
 735.45972   0.00524
 736.45911   0.00521
 737.45850   0.00519
 738.45782   0.00516
 739.45721   0.00513
 740.45660   0.00510
 741.45599   0.00507
 742.45538   0.00504
 743.45477   0.00501
 744.45416   0.00498
 745.45355   0.00495
 746.45294   0.00492
 747.45233   0.00489
 748.45172   0.00485
 749.45111   0.00482
 750.45056   0.00479
 751.44995   0.00476
 752.44934   0.00473
 753.44873   0.00470
 754.44812   0.00467
 755.44757   0.00464
 756.44696   0.00461
 757.44635   0.00458
 758.44580   0.00455
 759.44519   0.00453
 760.47943   0.00449
 761.47882   0.00447
 762.47821   0.00445
 763.47760   0.00442
 764.47693   0.00440
 765.47632   0.00438
 766.47571   0.00435
 767.47510   0.00433
 768.47449   0.00430
 769.47382   0.00428
 770.47321   0.00425
 771.47260   0.00423
 772.47198   0.00420
 773.47137   0.00417
 774.47076   0.00415
 775.47015   0.00412
 776.46960   0.00409
 777.46899   0.00406
 778.46838   0.00403
 779.46777   0.00401
 780.46716   0.00398
 781.46655   0.00395
 782.46600   0.00392
 783.46539   0.00390
 784.46478   0.00387
 785.46417   0.00385
 786.46362   0.00382
 787.46301   0.00380
 788.49731   0.00377
 789.49670   0.00375
 790.49603   0.00372
 791.49542   0.00370
 792.49481   0.00368
 793.49420   0.00366
 794.49353   0.00364
 795.49292   0.00362
 796.49231   0.00360
 797.49170   0.00357
 798.49109   0.00355
 799.49048   0.00353
 800.48987   0.00351
 801.48926   0.00348
 802.48865   0.00346
 803.48804   0.00344
 804.48743   0.00341
 805.48682   0.00339
 806.48621   0.00337
 807.48560   0.00334
 808.48499   0.00332
 809.48438   0.00330
 810.48383   0.00327
 811.48322   0.00325
 812.48260   0.00323
 813.48199   0.00321
 814.48145   0.00319
 815.48083   0.00317
 816.48022   0.00315
 817.51453   0.00312
 818.51392   0.00310
 819.51324   0.00309
 820.51263   0.00307
 820.51263   0.00307
 821.51202   0.00305
 822.51141   0.00303
 823.51080   0.00302
 824.51013   0.00300
 825.50952   0.00298
 826.50891   0.00296
 827.50830   0.00294
 828.50769   0.00292
 829.50708   0.00290
 830.50647   0.00288
 831.50586   0.00286
 832.50525   0.00284
 833.50464   0.00282
 834.50403   0.00280
 835.50342   0.00278
 836.50287   0.00276
 837.50226   0.00274
 838.50165   0.00272
 839.50104   0.00269
 840.50043   0.00267
 841.49988   0.00265
 842.49927   0.00263
 843.49866   0.00261
 844.49805   0.00260
 845.53235   0.00257
 846.53174   0.00255
 847.53113   0.00254
 848.53052   0.00252
 849.52985   0.00250
 850.52924   0.00249
 851.52863   0.00247
 852.52802   0.00245
 853.52740   0.00244
 854.52679   0.00242
 855.52618   0.00241
 856.52551   0.00239
 857.52490   0.00237
 858.52429   0.00235
 859.52368   0.00233
 860.52307   0.00232
 861.52246   0.00230
 862.52191   0.00228
 863.52130   0.00227
 864.52069   0.00225
 865.52008   0.00223
 866.51947   0.00222
 867.51886   0.00220
 868.51825   0.00219
 869.51770   0.00217
 870.51709   0.00216
 871.51648   0.00214
 872.51593   0.00213
 873.55023   0.00211
 874.54962   0.00209
 875.54895   0.00208
 876.54834   0.00207
 877.54773   0.00205
 878.54712   0.00204
 879.54645   0.00203
 880.54584   0.00202
 881.54523   0.00200
 882.54462   0.00199
 883.54401   0.00198
 884.54340   0.00197
 885.54279   0.00195
 886.54218   0.00194
 887.54156   0.00193
 888.54095   0.00191
 889.54034   0.00190
 890.53973   0.00188
 891.53912   0.00187
 892.53851   0.00185
 893.53790   0.00184
 894.53729   0.00182
 895.53668   0.00181
 896.53613   0.00179
 897.53552   0.00178
 898.53491   0.00177
 899.53430   0.00175
 900.53375   0.00174
 901.53314   0.00173
 902.56744   0.00171
 903.56683   0.00170
 904.56622   0.00169
 905.56555   0.00168
 906.56494   0.00167
 907.56433   0.00166
 908.56372   0.00165
 909.56311   0.00164
 910.56244   0.00163
 911.56183   0.00162
 912.56122   0.00161
 913.56061   0.00159
 914.56000   0.00158
 915.55939   0.00157
 916.55878   0.00156
 917.55817   0.00154
 918.55756   0.00153
 919.55695   0.00152
 920.55634   0.00151
 921.55573   0.00149
 922.55518   0.00148
 923.55457   0.00147
 924.55396   0.00146
 925.55334   0.00145
 926.55273   0.00144
 927.55219   0.00142
 928.55157   0.00141
 929.55096   0.00140
 930.55035   0.00140
 931.58466   0.00139
 932.58405   0.00138
 933.58344   0.00137
 934.58282   0.00136
 935.58215   0.00136
 936.58154   0.00135
 937.58093   0.00134
 938.58032   0.00133
 939.57971   0.00132
 940.57910   0.00132
 941.57849   0.00131
 942.57782   0.00130
 943.57721   0.00129
 944.57660   0.00128
 945.57599   0.00127
 946.57538   0.00126
 947.57483   0.00125
 948.57422   0.00124
 949.57361   0.00123
 950.57300   0.00122
 951.57239   0.00121
 952.57178   0.00120
 953.57117   0.00119
 954.57056   0.00119
 955.57001   0.00118
 956.56940   0.00117
 957.56879   0.00116
 958.56818   0.00115
 959.60254   0.00115
 960.60187   0.00114
 961.60126   0.00113
 962.60065   0.00112
 963.60004   0.00112
 964.59943   0.00111
 965.59875   0.00110
 966.59814   0.00109
 967.59753   0.00109
 968.59692   0.00108
 969.59631   0.00107
 970.59570   0.00106
 971.59509   0.00106
 972.59448   0.00105
 973.59387   0.00104
 974.59326   0.00103
 975.59265   0.00102
 976.59204   0.00101
 977.59143   0.00100
 978.59082   0.00099
 979.59021   0.00098
 980.58960   0.00098
 981.58899   0.00097
 982.58844   0.00096
 983.58783   0.00095
 984.58722   0.00094
 985.58661   0.00094
 986.58606   0.00093
 987.58545   0.00092
 988.61975   0.00092
 989.61914   0.00091
 990.61847   0.00090
 991.61786   0.00090
 992.61725   0.00089
 993.61664   0.00088
 994.61603   0.00088
 995.61542   0.00087
 996.61475   0.00086
 997.61414   0.00086
 998.61353   0.00085
 999.61292   0.00084
1000.61230   0.00084
1001.61169   0.00083
1002.61108   0.00082
1003.61047   0.00082
1004.60986   0.00081
1005.60925   0.00080
1006.60864   0.00079
1007.60803   0.00078
1008.60748   0.00077
1009.60687   0.00077
1010.60626   0.00076
1011.60565   0.00075
1012.60504   0.00075
1013.60443   0.00074
1014.60388   0.00073
1015.60327   0.00073
1016.60266   0.00072
1017.63696   0.00071
1018.63635   0.00071
1019.63574   0.00070
1020.63507   0.00069
1021.63446   0.00069
1022.63385   0.00068
1023.63324   0.00068
1024.63257   0.00067
1025.63196   0.00067
1026.63135   0.00066
1027.63074   0.00065
1028.63013   0.00065
1029.62952   0.00064
1030.62891   0.00064
1031.62830   0.00063
1032.62769   0.00062
1033.62708   0.00062
1034.62646   0.00061
1035.62585   0.00060
1036.62524   0.00060
1037.62463   0.00059
1038.62415   0.00058
1039.62354   0.00058
1040.62292   0.00057
1041.62231   0.00057
1042.62170   0.00056
1043.62109   0.00056
1044.62048   0.00055
1045.65479   0.00054
1046.65417   0.00054
1047.65356   0.00053
1048.65295   0.00053
1049.65234   0.00052
1050.65173   0.00052
1051.65112   0.00051
1052.65051   0.00050
1053.64990   0.00050
1054.64917   0.00049
1055.64856   0.00049
1056.64795   0.00048
1057.64734   0.00048
1058.64673   0.00047
1059.64612   0.00047
1060.64551   0.00046
1061.64490   0.00046
1062.64429   0.00045
1063.64368   0.00044
1064.64319   0.00044
1065.64258   0.00043
1066.64197   0.00043
1067.64136   0.00042
1068.64075   0.00042
1069.64014   0.00041
1070.63953   0.00041
1071.63892   0.00040
1072.63831   0.00040
1073.63770   0.00040
1074.67200   0.00039
1075.67139   0.00039
1076.67078   0.00038
1077.67017   0.00038
1078.66956   0.00037
1079.66895   0.00037
1080.66833   0.00037
1081.66772   0.00036
1082.66711   0.00036
1083.66650   0.00036
1084.66589   0.00035
1085.66528   0.00035
1086.66467   0.00035
1087.66406   0.00034
1088.66345   0.00034
1089.66284   0.00033
1090.66223   0.00033
1091.66162   0.00032
1092.66101   0.00032
1093.66040   0.00032
1094.65979   0.00031
1095.65918   0.00031
1096.65857   0.00031
1097.65796   0.00030
1098.65735   0.00030
1099.65674   0.00030
1100.65613   0.00029
1101.65552   0.00029
1102.65503   0.00029
1103.68921   0.00028
1104.68860   0.00028
1105.68799   0.00028
1106.68738   0.00027
1107.68677   0.00027
1108.68616   0.00027
1109.68555   0.00027
1110.68494   0.00026
1111.68433   0.00026
1112.68372   0.00026
1113.68311   0.00026
1114.68250   0.00025
1115.68188   0.00025
1116.68127   0.00025
1117.68066   0.00024
1118.68005   0.00024
1119.67944   0.00024
1120.67883   0.00023
1121.67822   0.00023
1122.67761   0.00023
1123.67700   0.00022
1124.67639   0.00022
1125.67578   0.00022
1126.67517   0.00021
1127.67456   0.00021
1128.67395   0.00021
1129.67346   0.00020
1130.67285   0.00020
1131.70715   0.00020
1132.70654   0.00020
1133.70581   0.00019
1134.70520   0.00019
1135.70459   0.00019
1136.70398   0.00019
1137.70337   0.00018
1138.70276   0.00018
1139.70215   0.00018
1140.70154   0.00018
1141.70093   0.00017
1142.70032   0.00017
1143.69971   0.00017
1144.69910   0.00017
1145.69849   0.00016
1146.69788   0.00016
1147.69727   0.00016
1148.69666   0.00015
1149.69604   0.00015
1150.69543   0.00015
1151.69482   0.00015
1152.69421   0.00014
1153.69360   0.00014
1154.69299   0.00014
1155.69238   0.00013
1156.69189   0.00013
1157.69128   0.00013
1158.69067   0.00013
1159.69006   0.00013
1160.72437   0.00012
1161.72375   0.00012
1162.72314   0.00012
1163.72253   0.00012
1164.72180   0.00012
1165.72119   0.00011
1166.72058   0.00011
1167.71997   0.00011
1168.71936   0.00011
1169.71875   0.00010
1170.71814   0.00010
1171.71753   0.00010
1172.71692   0.00010
1173.71631   0.00010
1174.71570   0.00010
1175.71509   0.00009
1176.71448   0.00009
1177.71387   0.00009
1178.71326   0.00009
1179.71265   0.00009
1180.71204   0.00008
1181.71143   0.00008
1182.71082   0.00008
1183.71033   0.00008
1184.70972   0.00008
1185.70911   0.00008
1186.70850   0.00008
1187.70789   0.00008
1188.70728   0.00008
1189.74158   0.00007
1190.74097   0.00007
1191.74036   0.00007
1192.73975   0.00007
1193.73914   0.00007
1194.73853   0.00007
1195.73779   0.00007
1196.73718   0.00007
1197.73657   0.00007
1198.73596   0.00007
1199.73535   0.00007
1200.73474   0.00006
1201.73413   0.00006
1202.73352   0.00006
1203.73291   0.00006
1204.73230   0.00006
1205.73169   0.00006
1206.73108   0.00006
1207.73047   0.00006
1208.72986   0.00005
1209.72925   0.00005
1210.72876   0.00005
1211.72815   0.00005
1212.72754   0.00005
1213.72693   0.00005
1214.72632   0.00005
1215.72571   0.00004
1216.72510   0.00004
1217.75940   0.00004
1218.75879   0.00004
1219.75818   0.00004
1220.75757   0.00004
1221.75696   0.00004
1222.75635   0.00004
1223.75574   0.00004
1224.75513   0.00004
1225.75452   0.00004
1226.75391   0.00004
1227.75317   0.00004
1228.75256   0.00004
1229.75195   0.00004
1230.75134   0.00004
1231.75073   0.00004
1232.75012   0.00004
1233.74951   0.00004
1234.74890   0.00004
1235.74841   0.00004
1236.74780   0.00004
1237.74719   0.00003
1238.74658   0.00003
1239.74597   0.00003
1240.74536   0.00003
1241.74475   0.00003
1242.74414   0.00003
1243.74353   0.00003
1244.74292   0.00003
1245.74231   0.00003
1246.77661   0.00003
1247.77600   0.00003
1248.77539   0.00003
1249.77478   0.00003
1250.77417   0.00003
1251.77356   0.00003
1252.77295   0.00003
1253.77234   0.00003
1254.77173   0.00003
1255.77112   0.00003
1256.77051   0.00003
1257.76990   0.00003
1258.76929   0.00003
1259.76868   0.00003
1260.76807   0.00003
1261.76746   0.00003
1262.76685   0.00003
1263.76624   0.00003
1264.76563   0.00003
1265.76501   0.00003
1266.76440   0.00003
1267.76379   0.00003
1268.76318   0.00003
1269.76257   0.00003
1270.76196   0.00003
1271.76135   0.00003
1272.76074   0.00003
1273.76013   0.00003
1274.75964   0.00003
1275.79382   0.00003
1276.79321   0.00003
1277.79260   0.00003
1278.79199   0.00002
1279.79138   0.00002
1280.79077   0.00002
1281.79016   0.00002
1282.78955   0.00002
1283.78894   0.00002
1284.78833   0.00002
1285.78772   0.00002
1286.78711   0.00002
1287.78650   0.00002
1288.78589   0.00002
1289.78528   0.00002
1290.78467   0.00002
1291.78406   0.00002
1292.78345   0.00002
1293.78284   0.00002
1294.78223   0.00002
1295.78162   0.00002
1296.78101   0.00002
1297.78040   0.00002
1298.77979   0.00002
1299.77917   0.00002
1300.77856   0.00002
1301.77795   0.00002
1302.77747   0.00002
1303.81177   0.00002
1304.81116   0.00002
1305.81042   0.00002
1306.80981   0.00002
1307.80920   0.00002
1308.80859   0.00002
1309.80798   0.00002
1310.80737   0.00002
1311.80676   0.00002
1312.80615   0.00002
1313.80554   0.00002
1314.80493   0.00002
1315.80432   0.00002
1316.80371   0.00002
1317.80310   0.00002
1318.80249   0.00002
1319.80188   0.00002
1320.80127   0.00002
1321.80066   0.00002
1322.80005   0.00002
1323.79944   0.00002
1324.79883   0.00002
1325.79822   0.00002
1326.79761   0.00002
1327.79700   0.00002
1328.79651   0.00002
1329.79590   0.00002
1330.79529   0.00002
1331.79468   0.00002
1332.82898   0.00002
1333.82837   0.00002
1334.82776   0.00002
1335.82703   0.00002
1336.82642   0.00002
1337.82581   0.00002
1338.82520   0.00002
1339.82458   0.00002
1340.82397   0.00002
1341.82336   0.00002
1342.82275   0.00002
1343.82214   0.00002
1344.82153   0.00001
1345.82092   0.00001
1346.82031   0.00001
1347.81970   0.00001
1348.81909   0.00001
1349.81848   0.00001
1350.81787   0.00001
1351.81726   0.00001
1352.81665   0.00001
1353.81604   0.00001
1354.81543   0.00001
1355.81494   0.00001
1356.81433   0.00001
1357.81372   0.00001
1358.81311   0.00001
1359.81250   0.00001
1360.81189   0.00001
1361.84619   0.00001
1362.84558   0.00001
1363.84497   0.00001
1364.84436   0.00001
1365.84375   0.00001
1366.84302   0.00001
1367.84241   0.00001
1368.84180   0.00001
1369.84119   0.00001
1370.84058   0.00001
1371.83997   0.00001
1372.83936   0.00001
1373.83875   0.00001
1374.83813   0.00001
1375.83752   0.00001
1376.83691   0.00001
1377.83630   0.00001
1378.83569   0.00001
1379.83508   0.00001
1380.83447   0.00001
1381.83398   0.00001
1382.83337   0.00001
1383.83276   0.00001
1384.83215   0.00001
1385.83154   0.00001
1386.83093   0.00001
1387.83032   0.00001
1388.82971   0.00001
1389.86401   0.00001
1390.86340   0.00001
1391.86279   0.00001
1392.86218   0.00001
1393.86157   0.00001
1394.86096   0.00001
1395.86035   0.00001
1396.85974   0.00001
1397.85913   0.00001
1398.85852   0.00001
1399.85791   0.00001
1400.85718   0.00001
1401.85657   0.00001
1402.85596   0.00001
1403.85535   0.00001
1404.85474   0.00001
1405.85425   0.00001
1406.85364   0.00001
1407.85303   0.00001
1408.85242   0.00001
1409.85181   0.00001
1410.85120   0.00001
1411.85059   0.00001
1412.84998   0.00001
1413.84937   0.00001
1414.84875   0.00001
1415.84814   0.00001
1416.84753   0.00001
1417.84692   0.00001
1418.88123   0.00001
1419.88062   0.00001
1420.88000   0.00001
1421.87939   0.00001
1422.87878   0.00001
1423.87817   0.00001
1424.87756   0.00001
1425.87695   0.00001
1426.87634   0.00001
1427.87573   0.00000
1428.87512   0.00000
1429.87451   0.00000
1430.87390   0.00000
1431.87329   0.00000
1432.87268   0.00000
1433.87207   0.00000
1434.87146   0.00000
1435.87085   0.00000
1436.87024   0.00000
1437.86963   0.00000
1438.86902   0.00000
1439.86841   0.00000
1440.86780   0.00000
1441.86719   0.00000
1442.86658   0.00000
1443.86597   0.00000
1444.86536   0.00000
1445.86475   0.00000
1446.86414   0.00000
1447.89844   0.00000
1448.89783   0.00000
1449.89722   0.00000
1450.89661   0.00000
1451.89600   0.00000
1452.89539   0.00000
1453.89478   0.00000
1454.89417   0.00000
1455.89355   0.00000
1456.89294   0.00000
1457.89233   0.00000
1458.89172   0.00000
1459.89111   0.00000
1460.89050   0.00000
1461.88989   0.00000
1462.88928   0.00000
1463.88867   0.00000
1464.88806   0.00000
1465.88745   0.00000
1466.88684   0.00000
1467.88623   0.00000
1468.88562   0.00000
1469.88501   0.00000
1470.88440   0.00000
1471.88379   0.00000
1472.88318   0.00000
1473.88257   0.00000
1474.88208   0.00000
1475.91638   0.00000
1476.91565   0.00000
1477.91504   0.00000
1478.91443   0.00000
1479.91382   0.00000
1480.91321   0.00000
1481.91260   0.00000
1482.91199   0.00000
1483.91138   0.00000
1484.91077   0.00000
1485.91016   0.00000
1486.90955   0.00000
1487.90894   0.00000
1488.90833   0.00000
1489.90771   0.00000
1490.90710   0.00000
1491.90649   0.00000
1492.90588   0.00000
1493.90527   0.00000
1494.90466   0.00000
1495.90405   0.00000
1496.90344   0.00000
1497.90283   0.00000
1498.90222   0.00000
1499.90161   0.00000
1500.90112   0.00000
1501.90051   0.00000
1502.89990   0.00000
1503.89929   0.00000
1504.93359   0.00000
1505.93298   0.00000
1506.93237   0.00000
1507.93164   0.00000
1508.93103   0.00000
1509.93042   0.00000
1510.92981   0.00000
1511.92920   0.00000
1512.92859   0.00000
1513.92798   0.00000
1514.92737   0.00000
1515.92676   0.00000
1516.92615   0.00000
1517.92554   0.00000
1518.92493   0.00000
1519.92432   0.00000
1520.92371   0.00000
1521.92310   0.00000
1522.92249   0.00000
1523.92188   0.00000
1524.92126   0.00000
1525.92065   0.00000
1526.92004   0.00000
1527.91956   0.00000
1528.91895   0.00000
1529.91833   0.00000
1530.91772   0.00000
1531.91711   0.00000
1532.95142   0.00000
1533.95081   0.00000
1534.95020   0.00000
1535.94958   0.00000
1536.94897   0.00000
1537.94836   0.00000
1538.94763   0.00000
1539.94702   0.00000
1540.94641   0.00000
1541.94580   0.00000
1542.94519   0.00000
1543.94458   0.00000
1544.94397   0.00000
1545.94336   0.00000
1546.94275   0.00000
1547.94214   0.00000
1548.94153   0.00000
1549.94092   0.00000
1550.94031   0.00000
1551.93970   0.00000
1552.93921   0.00000
1553.93860   0.00000
1554.93799   0.00000
1555.93738   0.00000
1556.93677   0.00000
1557.93616   0.00000
1558.93555   0.00000
1559.93494   0.00000
1560.93433   0.00000
1561.96863   0.00000
1562.96802   0.00000
1563.96741   0.00000
1564.96680   0.00000
1565.96619   0.00000
1566.96558   0.00000
1567.96497   0.00000
1568.96436   0.00000
1569.96375   0.00000
1570.96313   0.00000
1571.96252   0.00000
1572.96191   0.00000
1573.96130   0.00000
1574.96069   0.00000
1575.96008   0.00000
1576.95947   0.00000
1577.95886   0.00000
1578.95825   0.00000
1579.95764   0.00000
1580.95703   0.00000
1581.95642   0.00000
1582.95581   0.00000
1583.95520   0.00000
1584.95459   0.00000
1585.95398   0.00000
1586.95337   0.00000
1587.95276   0.00000
1588.95215   0.00000
1589.95154   0.00000
1590.98584   0.00000
1591.98523   0.00000
1592.98462   0.00000
1593.98401   0.00000
1594.98340   0.00000
1595.98279   0.00000
1596.98218   0.00000
1597.98157   0.00000
1598.98096   0.00000
1599.98035   0.00000
1600.97974   0.00000
1601.97913   0.00000
1602.97852   0.00000
1603.97791   0.00000
1604.97729   0.00000
1605.97668   0.00000
1606.97607   0.00000
1607.97546   0.00000
1608.97485   0.00000
1609.97424   0.00000
1610.97363   0.00000
1611.97302   0.00000
1612.97241   0.00000
1613.97180   0.00000
1614.97119   0.00000
1615.97058   0.00000
1616.96997   0.00000
1617.96936   0.00000
1619.00366   0.00000
1620.00305   0.00000
1621.00244   0.00000
1622.00183   0.00000
1623.00122   0.00000
1624.00061   0.00000
1625.00000   0.00000
1625.99939   0.00000
1626.99878   0.00000
1627.99817   0.00000
1628.99756   0.00000
1629.99695   0.00000
1630.99634   0.00000
1631.99573   0.00000
1632.99512   0.00000
1633.99451   0.00000
1634.99390   0.00000
1635.99329   0.00000
1636.99268   0.00000
1637.99207   0.00000
1638.99146   0.00000
1639.99084   0.00000
1640.99023   0.00000
1641.98962   0.00000
1642.98901   0.00000
1643.98840   0.00000
1644.98779   0.00000
1645.98718   0.00000
1646.98669   0.00000
1648.02087   0.00000
1649.02026   0.00000
1650.01965   0.00000
1651.01904   0.00000
1652.01843   0.00000
1653.01782   0.00000
1654.01721   0.00000
1655.01660   0.00000
1656.01599   0.00000
1657.01538   0.00000
1658.01477   0.00000
1659.01416   0.00000
1660.01355   0.00000
1661.01294   0.00000
1662.01233   0.00000
1663.01172   0.00000
1664.01111   0.00000
1665.01050   0.00000
1666.00989   0.00000
1667.00928   0.00000
1668.00867   0.00000
1669.00806   0.00000
1670.00745   0.00000
1671.00684   0.00000
1672.00623   0.00000
1673.00574   0.00000
1674.00513   0.00000
1675.00452   0.00000
1676.00391   0.00000
1677.03821   0.00000
1678.03760   0.00000
1679.03699   0.00000
1680.03625   0.00000
1681.03564   0.00000
1682.03503   0.00000
1683.03442   0.00000
1684.03381   0.00000
1685.03320   0.00000
1686.03259   0.00000
1687.03198   0.00000
1688.03137   0.00000
1689.03076   0.00000
1690.03015   0.00000
1691.02954   0.00000
1692.02893   0.00000
1693.02832   0.00000
1694.02771   0.00000
1695.02710   0.00000
1696.02649   0.00000
1697.02588   0.00000
1698.02527   0.00000
1699.02478   0.00000
1700.02417   0.00000
1701.02356   0.00000
1702.02295   0.00000
1703.02234   0.00000
1704.02173   0.00000
1705.05603   0.00000
1706.05542   0.00000
1707.05481   0.00000
1708.05420   0.00000
1709.05359   0.00000
1710.05298   0.00000
1711.05237   0.00000
1712.05164   0.00000
1713.05103   0.00000
1714.05042   0.00000
1715.04980   0.00000
1716.04919   0.00000
1717.04858   0.00000
1718.04797   0.00000
1719.04736   0.00000
1720.04675   0.00000
1721.04614   0.00000
1722.04553   0.00000
1723.04492   0.00000
1724.04443   0.00000
1725.04382   0.00000
1726.04321   0.00000
1727.04260   0.00000
1728.04199   0.00000
1729.04138   0.00000
1730.04077   0.00000
1731.04016   0.00000
1732.03955   0.00000
1733.03894   0.00000
1734.07324   0.00000
1735.07263   0.00000
1736.07202   0.00000
1737.07141   0.00000
1738.07080   0.00000
1739.07019   0.00000
1740.06958   0.00000
1741.06897   0.00000
1742.06836   0.00000
1743.06775   0.00000
1744.06714   0.00000
1745.06653   0.00000
1746.06592   0.00000
1747.06531   0.00000
1748.06470   0.00000
1749.06409   0.00000
1750.06348   0.00000
1751.06287   0.00000
1752.06226   0.00000
1753.06165   0.00000
1754.06104   0.00000
1755.06042   0.00000
1756.05981   0.00000
1757.05920   0.00000
1758.05859   0.00000
1759.05798   0.00000
1760.05737   0.00000
1761.05676   0.00000
1762.05615   0.00000
1763.09045   0.00000
1764.08984   0.00000
1765.08923   0.00000
1766.08862   0.00000
1767.08801   0.00000
1768.08740   0.00000
1769.08679   0.00000
1770.08618   0.00000
1771.08557   0.00000
1772.08496   0.00000
1773.08435   0.00000
1774.08374   0.00000
1775.08313   0.00000
1776.08252   0.00000
1777.08191   0.00000
1778.08130   0.00000
1779.08069   0.00000
1780.08008   0.00000
1781.07947   0.00000
1782.07886   0.00000
1783.07825   0.00000
1784.07764   0.00000
1785.07703   0.00000
1786.07642   0.00000
1787.07581   0.00000
1788.07520   0.00000
1789.07458   0.00000
1790.07397   0.00000
1791.10828   0.00000
1792.10767   0.00000
1793.10706   0.00000
1794.10645   0.00000
1795.10583   0.00000
1796.10522   0.00000
1797.10461   0.00000
1798.10400   0.00000
1799.10339   0.00000
1800.10278   0.00000
1801.10217   0.00000
1802.10156   0.00000
1803.10095   0.00000
1804.10034   0.00000
1805.09973   0.00000
1806.09912   0.00000
1807.09851   0.00000
1808.09790   0.00000
1809.09729   0.00000
1810.09668   0.00000
1811.09607   0.00000
1812.09546   0.00000
1813.09485   0.00000
1814.09424   0.00000
1815.09363   0.00000
1816.09302   0.00000
1817.09241   0.00000
1818.09180   0.00000
1819.09131   0.00000
1820.12549   0.00000
1821.12488   0.00000
1822.12427   0.00000
1823.12366   0.00000
1824.12305   0.00000
1825.12244   0.00000
1826.12183   0.00000
1827.12122   0.00000
1828.12061   0.00000
1829.12000   0.00000
1830.11938   0.00000
1831.11877   0.00000
1832.11816   0.00000
1833.11755   0.00000
1834.11694   0.00000
1835.11633   0.00000
1836.11572   0.00000
1837.11511   0.00000
1838.11450   0.00000
1839.11389   0.00000
1840.11328   0.00000
1841.11267   0.00000
1842.11206   0.00000
1843.11145   0.00000
1844.11084   0.00000
1845.11035   0.00000
1846.10974   0.00000
1847.10913   0.00000
1848.10852   0.00000
1849.14282   0.00000
1850.14221   0.00000
1851.14148   0.00000
1852.14087   0.00000
1853.14026   0.00000
1854.13965   0.00000
1855.13904   0.00000
1856.13843   0.00000
1857.13782   0.00000
1858.13721   0.00000
1859.13660   0.00000
1860.13599   0.00000
1861.13538   0.00000
1862.13477   0.00000
1863.13416   0.00000
1864.13354   0.00000
1865.13293   0.00000
1866.13232   0.00000
1867.13171   0.00000
1868.13110   0.00000
1869.13049   0.00000
1870.12988   0.00000
1871.12939   0.00000
1872.12878   0.00000
1873.12817   0.00000
1874.12756   0.00000
1875.12695   0.00000
1876.12634   0.00000
1877.16064   0.00000
1878.16003   0.00000
1879.15942   0.00000
1880.15881   0.00000
1881.15820   0.00000
1882.15759   0.00000
1883.15698   0.00000
1884.15625   0.00000
1885.15564   0.00000
1886.15503   0.00000
1887.15442   0.00000
1888.15381   0.00000
1889.15320   0.00000
1890.15259   0.00000
1891.15198   0.00000
1892.15137   0.00000
1893.15076   0.00000
1894.15015   0.00000
1895.14966   0.00000
1896.14905   0.00000
1897.14844   0.00000
1898.14783   0.00000
1899.14722   0.00000
1900.14661   0.00000
1901.14600   0.00000
1902.14539   0.00000
1903.14478   0.00000
1904.14417   0.00000
1905.14355   0.00000
1906.17786   0.00000
1907.17725   0.00000
1908.17664   0.00000
1909.17603   0.00000
1910.17542   0.00000
1911.17480   0.00000
1912.17419   0.00000
1913.17358   0.00000
1914.17297   0.00000
1915.17236   0.00000
1916.17175   0.00000
1917.17114   0.00000
1918.17053   0.00000
1919.16992   0.00000
1920.16931   0.00000
1921.16870   0.00000
1922.16809   0.00000
1923.16748   0.00000
1924.16687   0.00000
1925.16626   0.00000
1926.16565   0.00000
1927.16504   0.00000
1928.16443   0.00000
1929.16382   0.00000
1930.16321   0.00000
1931.16260   0.00000
1932.16199   0.00000
1933.16138   0.00000
1934.16077   0.00000
1935.19507   0.00000
1936.19446   0.00000
1937.19385   0.00000
1938.19324   0.00000
1939.19263   0.00000
1940.19202   0.00000
1941.19141   0.00000
1942.19080   0.00000
1943.19019   0.00000
1944.18958   0.00000
1945.18896   0.00000
1946.18835   0.00000
1947.18774   0.00000
1948.18713   0.00000
1949.18652   0.00000
1950.18591   0.00000
1951.18530   0.00000
1952.18469   0.00000
1953.18408   0.00000
1954.18347   0.00000
1955.18286   0.00000
1956.18225   0.00000
1957.18164   0.00000
1958.18103   0.00000
1959.18042   0.00000
1960.17981   0.00000
1961.17920   0.00000
1962.17859   0.00000
1963.21289   0.00000
1964.21228   0.00000
1965.21167   0.00000
1966.21106   0.00000
1967.21045   0.00000
1968.20984   0.00000
1969.20923   0.00000
1970.20862   0.00000
1971.20801   0.00000
1972.20740   0.00000
1973.20679   0.00000
1974.20618   0.00000
1975.20557   0.00000
1976.20496   0.00000
1977.20435   0.00000
1978.20374   0.00000
1979.20313   0.00000
1980.20251   0.00000
1981.20190   0.00000
1982.20129   0.00000
1983.20068   0.00000
1984.20007   0.00000
1985.19946   0.00000
1986.19885   0.00000
1987.19824   0.00000
1988.19763   0.00000
1989.19702   0.00000
1990.19653   0.00000
1991.19592   0.00000
1992.23010   0.00000
1993.22949   0.00000
1994.22888   0.00000
1995.22827   0.00000
1996.22766   0.00000
1997.22705   0.00000
1998.22644   0.00000
1999.22583   0.00000
2000.22522   0.00000
2001.22461   0.00000
2002.22400   0.00000
2003.22339   0.00000
2004.22278   0.00000
2005.22217   0.00000
2006.22156   0.00000
2007.22095   0.00000
2008.22034   0.00000
2009.21973   0.00000
2010.21912   0.00000
2011.21851   0.00000
2012.21790   0.00000
2013.21729   0.00000
2014.21667   0.00000
2015.21606   0.00000
2016.21545   0.00000
2017.21497   0.00000
2018.21436   0.00000
2019.21375   0.00000
2020.21313   0.00000
2021.24744   0.00000
2022.24683   0.00000
2023.24609   0.00000
2024.24548   0.00000
2025.24487   0.00000
2026.24426   0.00000
2027.24365   0.00000
2028.24304   0.00000
2029.24243   0.00000
2030.24182   0.00000
2031.24121   0.00000
2032.24060   0.00000
2033.23999   0.00000
2034.23938   0.00000
2035.23877   0.00000
2036.23816   0.00000
2037.23755   0.00000
2038.23694   0.00000
2039.23633   0.00000
2040.23572   0.00000
2041.23511   0.00000
2042.23462   0.00000
2043.23401   0.00000
2044.23340   0.00000
2045.23279   0.00000
2046.23218   0.00000
2047.23157   0.00000
2048.23096   0.00000
2049.26514   0.00000
2050.26465   0.00000
2051.26392   0.00000
2052.26343   0.00000
2053.26270   0.00000
2054.26221   0.00000
2055.26147   0.00000
2056.26099   0.00000
2057.26025   0.00000
2058.25977   0.00000
2059.25903   0.00000
2060.25854   0.00000
2061.25781   0.00000
2062.25732   0.00000
2063.25659   0.00000
2064.25610   0.00000
2065.25537   0.00000
2066.25488   0.00000
2067.25415   0.00000
2068.25366   0.00000
2069.25293   0.00000
2070.25244   0.00000
2071.25171   0.00000
2072.25122   0.00000
2073.25049   0.00000
2074.25000   0.00000
2075.24927   0.00000
2076.24878   0.00000
2077.24829   0.00000
2078.28247   0.00000
2079.28174   0.00000
2080.28125   0.00000
2081.28052   0.00000
2082.28003   0.00000
2083.27930   0.00000
2084.27881   0.00000
2085.27808   0.00000
2086.27759   0.00000
2087.27686   0.00000
2088.27637   0.00000
2089.27563   0.00000
2090.27515   0.00000
2091.27441   0.00000
2092.27393   0.00000
2093.27319   0.00000
2094.27271   0.00000
2095.27197   0.00000
2096.27148   0.00000
2097.27075   0.00000
2098.27026   0.00000
2099.26953   0.00000
2100.26904   0.00000
2101.26831   0.00000
2102.26782   0.00000
2103.26733   0.00000
2104.26660   0.00000
2105.26611   0.00000
2106.26538   0.00000
2107.29980   0.00000
2108.29907   0.00000
2109.29834   0.00000
2110.29785   0.00000
2111.29712   0.00000
2112.29663   0.00000
2113.29590   0.00000
2114.29541   0.00000
2115.29468   0.00000
2116.29419   0.00000
2117.29346   0.00000
2118.29297   0.00000
2119.29224   0.00000
2120.29175   0.00000
2121.29102   0.00000
2122.29053   0.00000
2123.28979   0.00000
2124.28931   0.00000
2125.28857   0.00000
2126.28809   0.00000
2127.28735   0.00000
2128.28687   0.00000
2129.28638   0.00000
2130.28564   0.00000
2131.28516   0.00000
2132.28442   0.00000
2133.28394   0.00000
2134.28320   0.00000
2135.31763   0.00000
2136.31689   0.00000
2137.31641   0.00000
2138.31567   0.00000
2139.31519   0.00000
2140.31445   0.00000
2141.31396   0.00000
2142.31323   0.00000
2143.31274   0.00000
2144.31201   0.00000
2145.31128   0.00000
2146.31079   0.00000
2147.31006   0.00000
2148.30957   0.00000
2149.30884   0.00000
2150.30835   0.00000
2151.30786   0.00000
2152.30713   0.00000
2153.30664   0.00000
2154.30591   0.00000
2155.30542   0.00000
2156.30469   0.00000
2157.30420   0.00000
2158.30347   0.00000
2159.30298   0.00000
2160.30225   0.00000
2161.30176   0.00000
2162.30103   0.00000
2163.30054   0.00000
2164.33472   0.00000
2165.33423   0.00000
2166.33350   0.00000
2167.33301   0.00000
2168.33228   0.00000
2169.33179   0.00000
2170.33105   0.00000
2171.33057   0.00000
2172.32983   0.00000
2173.32935   0.00000
2174.32861   0.00000
2175.32813   0.00000
2176.32739   0.00000
2177.32690   0.00000
2178.32617   0.00000
2179.32568   0.00000
2180.32495   0.00000
2181.32446   0.00000
2182.32373   0.00000
2183.32324   0.00000
2184.32251   0.00000
2185.32202   0.00000
2186.32129   0.00000
2187.32080   0.00000
2188.32007   0.00000
2189.31958   0.00000
2190.31885   0.00000
2191.31836   0.00000
2192.31763   0.00000
2193.35205   0.00000
2194.35132   0.00000
2195.35083   0.00000
2196.35010   0.00000
2197.34961   0.00000
2198.34888   0.00000
2199.34839   0.00000
2200.34766   0.00000
2201.34717   0.00000
2202.34644   0.00000
2203.34595   0.00000
2204.34521   0.00000
2205.34473   0.00000
2206.34399   0.00000
2207.34351   0.00000
2208.34277   0.00000
2209.34229   0.00000
2210.34155   0.00000
2211.34106   0.00000
2212.34033   0.00000
2213.33984   0.00000
2214.33911   0.00000
2215.33862   0.00000
2216.33789   0.00000
2217.33740   0.00000
2218.33667   0.00000
2219.33618   0.00000
2220.33545   0.00000
2221.36987   0.00000
2222.36914   0.00000
2223.36865   0.00000
2224.36792   0.00000
2225.36743   0.00000
2226.36670   0.00000
2227.36621   0.00000
2228.36548   0.00000
2229.36499   0.00000
2230.36426   0.00000
2231.36377   0.00000
2232.36304   0.00000
2233.36255   0.00000
2234.36182   0.00000
2235.36133   0.00000
2236.36060   0.00000
2237.36011   0.00000
2238.35938   0.00000
2239.35889   0.00000
2240.35815   0.00000
2241.35767   0.00000
2242.35693   0.00000
2243.35645   0.00000
2244.35571   0.00000
2245.35522   0.00000
2246.35449   0.00000
2247.35400   0.00000
2248.35352   0.00000
2249.35278   0.00000
2250.38696   0.00000
2251.38647   0.00000
2252.38574   0.00000
2253.38525   0.00000
2254.38452   0.00000
2255.38403   0.00000
2256.38330   0.00000
2257.38281   0.00000
2258.38208   0.00000
2259.38159   0.00000
2260.38086   0.00000
2261.38037   0.00000
2262.37964   0.00000
2263.37915   0.00000
2264.37842   0.00000
2265.37793   0.00000
2266.37720   0.00000
2267.37671   0.00000
2268.37598   0.00000
2269.37549   0.00000
2270.37476   0.00000
2271.37427   0.00000
2272.37354   0.00000
2273.37305   0.00000
2274.37256   0.00000
2275.37183   0.00000
2276.37134   0.00000
2277.37061   0.00000
2278.40503   0.00000
2279.40430   0.00000
2280.40381   0.00000
2281.40308   0.00000
2282.40234   0.00000
2283.40186   0.00000
2284.40112   0.00000
2285.40063   0.00000
2286.39990   0.00000
2287.39941   0.00000
2288.39868   0.00000
2289.39819   0.00000
2290.39746   0.00000
2291.39697   0.00000
2292.39624   0.00000
2293.39575   0.00000
2294.39502   0.00000
2295.39453   0.00000
2296.39380   0.00000
2297.39331   0.00000
2298.39258   0.00000
2299.39209   0.00000
2300.39160   0.00000
2301.39087   0.00000
2302.39038   0.00000
2303.38965   0.00000
2304.38916   0.00000
2305.38843   0.00000
2306.38794   0.00000
2307.42212   0.00000
2308.42163   0.00000
2309.42090   0.00000
2310.42041   0.00000
2311.41968   0.00000
2312.41919   0.00000
2313.41846   0.00000
2314.41797   0.00000
2315.41724   0.00000
2316.41675   0.00000
2317.41602   0.00000
2318.41553   0.00000
2319.41479   0.00000
2320.41431   0.00000
2321.41357   0.00000
2322.41309   0.00000
2323.41235   0.00000
2324.41187   0.00000
2325.41113   0.00000
2326.41064   0.00000
2327.40991   0.00000
2328.40942   0.00000
2329.40869   0.00000
2330.40820   0.00000
2331.40747   0.00000
2332.40698   0.00000
2333.40625   0.00000
2334.40576   0.00000
2335.40503   0.00000
2336.43945   0.00000
2337.43872   0.00000
2338.43823   0.00000
2339.43750   0.00000
2340.43701   0.00000
2341.43628   0.00000
2342.43579   0.00000
2343.43506   0.00000
2344.43457   0.00000
2345.43384   0.00000
2346.43335   0.00000
2347.43262   0.00000
2348.43213   0.00000
2349.43140   0.00000
2350.43091   0.00000
2351.43018   0.00000
2352.42969   0.00000
2353.42896   0.00000
2354.42847   0.00000
2355.42773   0.00000
2356.42725   0.00000
2357.42651   0.00000
2358.42603   0.00000
2359.42529   0.00000
2360.42480   0.00000
2361.42407   0.00000
2362.42358   0.00000
2363.42285   0.00000
2364.45728   0.00000
2365.45654   0.00000
2366.45605   0.00000
2367.45532   0.00000
2368.45483   0.00000
2369.45410   0.00000
2370.45361   0.00000
2371.45288   0.00000
2372.45239   0.00000
2373.45166   0.00000
2374.45117   0.00000
2375.45044   0.00000
2376.44995   0.00000
2377.44922   0.00000
2378.44873   0.00000
2379.44800   0.00000
2380.44751   0.00000
2381.44678   0.00000
2382.44629   0.00000
2383.44556   0.00000
2384.44507   0.00000
2385.44434   0.00000
2386.44385   0.00000
2387.44312   0.00000
2388.44263   0.00000
2389.44189   0.00000
2390.44141   0.00000
2391.44067   0.00000
2392.44019   0.00000
2393.47437   0.00000
2394.47388   0.00000
2395.47314   0.00000
2396.47266   0.00000
2397.47192   0.00000
2398.47144   0.00000
2399.47070   0.00000
2400.47021   0.00000
2401.46948   0.00000
2402.46899   0.00000
2403.46826   0.00000
2404.46777   0.00000
2405.46704   0.00000
2406.46655   0.00000
2407.46582   0.00000
2408.46533   0.00000
2409.46460   0.00000
2410.46411   0.00000
2411.46338   0.00000
2412.46289   0.00000
2413.46216   0.00000
2414.46167   0.00000
2415.46094   0.00000
2416.46045   0.00000
2417.45972   0.00000
2418.45923   0.00000
2419.45850   0.00000
2420.45801   0.00000
2421.45752   0.00000
2422.49170   0.00000
2423.49097   0.00000
2424.49048   0.00000
2425.48975   0.00000
2426.48926   0.00000
2427.48853   0.00000
2428.48804   0.00000
2429.48730   0.00000
2430.48682   0.00000
2431.48608   0.00000
2432.48560   0.00000
2433.48486   0.00000
2434.48438   0.00000
2435.48364   0.00000
2436.48315   0.00000
2437.48242   0.00000
2438.48193   0.00000
2439.48120   0.00000
2440.48071   0.00000
2441.47998   0.00000
2442.47949   0.00000
2443.47876   0.00000
2444.47827   0.00000
2445.47778   0.00000
2446.47705   0.00000
2447.47656   0.00000
2448.47583   0.00000
2449.47534   0.00000
2450.50952   0.00000
2451.50903   0.00000
2452.50830   0.00000
2453.50781   0.00000
2454.50708   0.00000
2455.50635   0.00000
2456.50586   0.00000
2457.50513   0.00000
2458.50464   0.00000
2459.50391   0.00000
2460.50342   0.00000
2461.50269   0.00000
2462.50220   0.00000
2462.50220   0.00000
2463.50146   0.00000
2464.50098   0.00000
2465.50024   0.00000
2466.49976   0.00000
2467.49902   0.00000
2468.49854   0.00000
2469.49780   0.00000
2470.49731   0.00000
2471.49683   0.00000
2472.49609   0.00000
2473.49561   0.00000
2474.49487   0.00000
2475.49438   0.00000
2476.49365   0.00000
2477.49316   0.00000
2478.52734   0.00000
2479.52686   0.00000
2480.52612   0.00000
2481.52563   0.00000
2482.52490   0.00000
2483.52441   0.00000
2484.52368   0.00000
2485.52319   0.00000
2486.52246   0.00000
2487.52197   0.00000
2488.52124   0.00000
2489.52075   0.00000
2490.52002   0.00000
2491.51953   0.00000
2492.51880   0.00000
2493.51831   0.00000
2494.51758   0.00000
2495.51709   0.00000
2496.51636   0.00000
2497.51587   0.00000
2498.51514   0.00000
