   0.00000   0.17938
   1.00000   0.15923
   2.00000   0.14280
   3.00000   0.13031
   4.00000   0.12085
   5.00000   0.11338
   6.00000   0.10729
   7.00000   0.10222
   8.00000   0.09791
   9.00000   0.09420
  10.00000   0.09097
  11.00000   0.08811
  12.00000   0.08556
  13.00000   0.08325
  14.00000   0.08116
  15.03330   0.07853
  16.03122   0.07691
  17.02939   0.07535
  18.02776   0.07388
  19.02630   0.07249
  20.02498   0.07117
  21.02380   0.06992
  22.02271   0.06872
  23.02173   0.06757
  24.02082   0.06648
  25.01999   0.06542
  26.01922   0.06440
  27.01851   0.06342
  28.01785   0.06247
  29.01724   0.06156
  30.01666   0.06066
  31.01612   0.05980
  32.01562   0.05897
  33.01515   0.05816
  34.01470   0.05737
  35.01428   0.05660
  36.01389   0.05584
  37.01351   0.05511
  38.01316   0.05439
  39.01282   0.05369
  40.01250   0.05300
  41.01219   0.05232
  42.01190   0.05167
  43.04649   0.05075
  44.04543   0.05014
  45.04442   0.04953
  46.04346   0.04893
  47.04253   0.04833
  48.04165   0.04775
  49.04080   0.04718
  50.03999   0.04662
  51.03920   0.04606
  52.03845   0.04552
  53.03772   0.04498
  54.03703   0.04445
  55.03635   0.04392
  56.03570   0.04340
  57.03508   0.04289
  58.03447   0.04239
  59.03389   0.04189
  60.03333   0.04139
  61.03278   0.04091
  62.03225   0.04043
  63.03174   0.03997
  64.03124   0.03951
  65.03076   0.03906
  66.03030   0.03861
  67.02985   0.03817
  68.02940   0.03774
  69.02898   0.03732
  70.02856   0.03690
  71.02816   0.03649
  72.06247   0.03591
  73.06161   0.03553
  74.06078   0.03514
  75.05997   0.03476
  76.05919   0.03438
  77.05842   0.03400
  78.05767   0.03363
  79.05694   0.03327
  80.05623   0.03291
  81.05553   0.03255
  82.05486   0.03220
  83.05420   0.03185
  84.05355   0.03151
  85.05293   0.03116
  86.05231   0.03082
  87.05171   0.03049
  88.05112   0.03016
  89.05054   0.02983
  90.04999   0.02951
  91.04944   0.02920
  92.04890   0.02888
  93.04838   0.02858
  94.04786   0.02827
  95.04736   0.02798
  96.04687   0.02768
  97.04638   0.02739
  98.04591   0.02710
  99.04544   0.02682
 100.04499   0.02653
 101.07918   0.02611
 102.07840   0.02584
 103.07764   0.02557
 104.07690   0.02530
 105.07616   0.02504
 106.07545   0.02477
 107.07474   0.02451
 108.07405   0.02425
 109.07337   0.02399
 110.07270   0.02374
 111.07205   0.02349
 112.07140   0.02325
 113.07078   0.02301
 114.07015   0.02277
 115.06954   0.02253
 116.06895   0.02229
 117.06836   0.02206
 118.06778   0.02183
 119.06721   0.02161
 120.06665   0.02138
 121.06610   0.02116
 122.06556   0.02094
 123.06503   0.02073
 124.06450   0.02052
 125.06398   0.02031
 126.06348   0.02010
 127.06297   0.01989
 128.06248   0.01969
 129.09686   0.01938
 130.09612   0.01919
 131.09538   0.01900
 132.09467   0.01881
 133.09395   0.01862
 134.09325   0.01843
 135.09256   0.01824
 136.09187   0.01806
 137.09122   0.01788
 138.09055   0.01770
 139.08990   0.01752
 140.08926   0.01734
 141.08862   0.01717
 142.08800   0.01700
 143.08739   0.01682
 144.08678   0.01665
 145.08618   0.01648
 146.08559   0.01632
 147.08501   0.01615
 148.08444   0.01599
 149.08386   0.01583
 150.08331   0.01567
 151.08276   0.01551
 152.08221   0.01535
 153.08168   0.01520
 154.08115   0.01505
 155.08063   0.01489
 156.08011   0.01474
 157.07961   0.01459
 158.11388   0.01436
 159.11317   0.01421
 160.11246   0.01406
 161.11176   0.01392
 162.11107   0.01377
 163.11040   0.01363
 164.10973   0.01349
 165.10905   0.01334
 166.10840   0.01320
 167.10774   0.01306
 168.10710   0.01293
 169.10648   0.01279
 170.10585   0.01265
 171.10522   0.01252
 172.10461   0.01238
 173.10402   0.01224
 174.10342   0.01211
 175.10283   0.01198
 176.10225   0.01184
 177.10167   0.01171
 178.10109   0.01159
 179.10052   0.01146
 180.09998   0.01134
 181.09943   0.01121
 182.09888   0.01109
 183.09833   0.01098
 184.09779   0.01086
 185.09727   0.01074
 186.09676   0.01063
 187.13097   0.01045
 188.13028   0.01034
 189.12958   0.01023
 190.12891   0.01012
 191.12823   0.01001
 192.12756   0.00991
 193.12691   0.00980
 194.12625   0.00970
 195.12560   0.00960
 196.12495   0.00950
 197.12433   0.00940
 198.12370   0.00930
 199.12308   0.00920
 200.12247   0.00911
 201.12186   0.00902
 202.12125   0.00892
 203.12065   0.00883
 204.12006   0.00874
 205.11948   0.00865
 206.11890   0.00856
 207.11832   0.00847
 208.11775   0.00839
 209.11719   0.00830
 210.11664   0.00822
 211.11609   0.00813
 212.11554   0.00805
 213.11499   0.00797
 214.11446   0.00789
 215.14879   0.00776
 216.14810   0.00768
 217.14742   0.00760
 218.14674   0.00752
 219.14607   0.00745
 220.14540   0.00737
 221.14474   0.00730
 222.14410   0.00722
 223.14345   0.00715
 224.14281   0.00708
 225.14218   0.00701
 226.14156   0.00694
 227.14093   0.00687
 228.14030   0.00681
 229.13969   0.00674
 230.13908   0.00668
 231.13849   0.00661
 232.13789   0.00654
 233.13730   0.00648
 234.13672   0.00641
 235.13612   0.00635
 236.13556   0.00629
 237.13498   0.00623
 238.13441   0.00617
 239.13385   0.00611
 240.13330   0.00605
 241.13274   0.00599
 242.13220   0.00594
 243.13165   0.00588
 244.16592   0.00579
 245.16525   0.00574
 246.16458   0.00568
 247.16391   0.00563
 248.16325   0.00557
 249.16260   0.00552
 250.16194   0.00547
 251.16130   0.00542
 252.16066   0.00537
 253.16003   0.00532
 254.15939   0.00527
 255.15877   0.00522
 256.15814   0.00517
 257.15753   0.00512
 258.15692   0.00507
 259.15631   0.00502
 260.15573   0.00497
 261.15512   0.00492
 262.15454   0.00487
 263.15396   0.00483
 264.15335   0.00478
 265.15277   0.00473
 266.15222   0.00469
 267.15164   0.00464
 268.15106   0.00460
 269.15051   0.00455
 270.14996   0.00451
 271.14941   0.00446
 272.14886   0.00441
 273.18307   0.00435
 274.18243   0.00431
 275.18176   0.00426
 276.18109   0.00422
 277.18045   0.00418
 278.17981   0.00413
 279.17917   0.00409
 280.17853   0.00405
 281.17789   0.00401
 282.17725   0.00397
 283.17664   0.00393
 284.17599   0.00389
 285.17538   0.00385
 286.17477   0.00381
 287.17416   0.00377
 288.17355   0.00373
 289.17297   0.00369
 290.17236   0.00365
 291.17178   0.00361
 292.17117   0.00357
 293.17059   0.00353
 294.17001   0.00349
 295.16943   0.00345
 296.16888   0.00342
 297.16830   0.00338
 298.16772   0.00334
 299.16718   0.00330
 300.16663   0.00327
 301.20093   0.00321
 302.20026   0.00317
 303.19962   0.00314
 304.19894   0.00310
 305.19830   0.00307
 306.19766   0.00303
 307.19699   0.00300
 308.19638   0.00296
 309.19574   0.00293
 310.19510   0.00289
 311.19446   0.00286
 312.19385   0.00283
 313.19324   0.00279
 314.19263   0.00276
 315.19202   0.00272
 316.19141   0.00269
 317.19080   0.00266
 318.19019   0.00262
 319.18961   0.00259
 320.18900   0.00255
 321.18842   0.00252
 322.18784   0.00249
 323.18726   0.00245
 324.18668   0.00242
 325.18610   0.00239
 326.18552   0.00236
 327.18497   0.00233
 328.18439   0.00230
 329.18384   0.00227
 330.21811   0.00223
 331.21744   0.00220
 332.21680   0.00217
 333.21616   0.00214
 334.21548   0.00211
 335.21484   0.00209
 336.21420   0.00206
 337.21359   0.00203
 338.21295   0.00201
 339.21231   0.00198
 340.21170   0.00196
 341.21109   0.00193
 342.21045   0.00191
 343.20984   0.00188
 344.20923   0.00186
 345.20862   0.00183
 346.20804   0.00181
 347.20743   0.00178
 348.20685   0.00176
 349.20624   0.00173
 350.20566   0.00171
 351.20508   0.00169
 352.20450   0.00167
 353.20392   0.00164
 354.20334   0.00162
 355.20276   0.00160
 356.20218   0.00158
 357.20163   0.00156
 358.20105   0.00153
 359.23529   0.00151
