  0.3719     0.1327     0.6797   -100.0000
  0.3602     0.1152     0.7070   -99.0000
  0.3133     0.0977     0.7695   -98.0000
  0.1172     0.0977     0.7852   -97.0000
  0.0625     0.1117     0.8242   -96.0000
  0.0625     0.1273     0.8086   -95.0000
  0.0898     0.1586     0.7500   -94.0000
  0.0898     0.1781     0.7109   -93.0000
  0.1250     0.1836     0.6562   -92.0000
  0.1367     0.1719     0.6406   -91.0000
  0.1250     0.1406     0.6680   -90.0000
  0.1133     0.1289     0.6953   -89.0000
  0.1055     0.1055     0.7266   -88.0000
  0.0781     0.1344     0.7383   -87.0000
  0.0899     0.1617     0.7148   -86.0000
  0.0938     0.1930     0.6953   -85.0000
  0.0859     0.2125     0.6836   -84.0000
  0.0977     0.1875     0.6836   -83.0000
  0.0977     0.1602     0.6953   -82.0000
  0.0859     0.1367     0.7148   -81.0000
  0.0742     0.1250     0.7344   -80.0000
  0.0664     0.1250     0.7578   -79.0000
  0.0664     0.1250     0.7734   -78.0000
  0.0664     0.1133     0.7851   -77.0000
  0.0664     0.0977     0.8047   -76.0000
  0.0508     0.1039     0.8164   -75.0000
  0.0469     0.0961     0.8281   -74.0000
  0.0587     0.1002     0.8281   -73.0000
  0.0666     0.1158     0.8203   -72.0000
  0.0900     0.0861     0.8086   -71.0000
  0.1017     0.0822     0.8008   -70.0000
  0.0898     0.0820     0.7969   -69.0000
  0.0938     0.0859     0.7734   -68.0000
  0.0938     0.1133     0.7422   -67.0000
  0.0742     0.1211     0.7305   -66.0000
  0.0703     0.1250     0.7461   -65.0000
  0.0898     0.1133     0.7539   -64.0000
  0.0781     0.0898     0.7930   -63.0000
  0.0625     0.0938     0.8281   -62.0000
  0.0977     0.0703     0.8008   -61.0000
  0.0820     0.1016     0.7852   -60.0000
  0.0898     0.1211     0.7734   -59.0000
  0.1099     0.1148     0.7617   -58.0000
  0.0903     0.1422     0.7695   -57.0000
  0.0903     0.1149     0.7812   -56.0000
  0.0982     0.1071     0.7656   -55.0000
  0.1133     0.1055     0.7500   -54.0000
  0.0938     0.1094     0.7656   -53.0000
  0.0781     0.1289     0.7617   -52.0000
  0.0742     0.1445     0.7500   -51.0000
  0.0625     0.1523     0.7383   -50.0000
  0.0898     0.1367     0.7109   -49.0000
  0.0977     0.1172     0.7227   -48.0000
  0.1055     0.1055     0.7422   -47.0000
  0.0977     0.0938     0.7578   -46.0000
  0.0859     0.0859     0.7734   -45.0000
  0.0781     0.0898     0.7773   -44.0000
  0.0547     0.0898     0.7852   -43.0000
  0.0547     0.1055     0.7734   -42.0000
  0.0469     0.1289     0.7618   -41.0000
  0.0469     0.1484     0.7578   -40.0000
  0.0586     0.1484     0.7422   -39.0000
  0.0547     0.1484     0.7461   -38.0000
  0.0469     0.1445     0.7578   -37.0000
  0.0469     0.1211     0.7656   -36.0000
  0.0391     0.1289     0.7852   -35.0000
  0.0469     0.1211     0.8008   -34.0000
  0.0508     0.1289     0.8047   -33.0000
  0.0586     0.1172     0.8047   -32.0000
  0.0469     0.1071     0.8281   -31.0000
  0.0469     0.0875     0.8320   -30.0000
  0.0625     0.0719     0.8320   -29.0000
  0.0703     0.0836     0.8164   -28.0000
  0.0938     0.0820     0.7930   -27.0000
  0.1016     0.1094     0.7734   -26.0000
  0.0977     0.1055     0.7617   -25.0000
  0.1016     0.1055     0.7500   -24.0000
  0.1016     0.1094     0.7461   -23.0000
  0.1016     0.0899     0.7500   -22.0000
  0.0938     0.0938     0.7734   -21.0000
  0.0899     0.0977     0.7969   -20.0000
  0.1055     0.0820     0.7773   -19.0000
  0.1031     0.0939     0.7852   -18.0000
  0.1109     0.0744     0.7813   -17.0000
  0.1070     0.0900     0.7695   -16.0000
  0.0875     0.1212     0.7773   -15.0000
  0.0859     0.1211     0.7617   -14.0000
  0.0703     0.1523     0.7617   -13.0000
  0.0625     0.1367     0.7852   -12.0000
  0.0469     0.1094     0.8086   -11.0000
  0.0586     0.1016     0.8203   -10.0000
  0.0664     0.0859     0.8281    -9.0000
  0.0742     0.0781     0.8281    -8.0000
  0.0898     0.0820     0.8281    -7.0000
  0.0797     0.0925     0.8282    -6.0000
  0.1016     0.0940     0.8047    -5.0000
  0.1484     0.1097     0.7422    -4.0000
  0.1719     0.1019     0.7109    -3.0000
  0.2094     0.0914     0.6680    -2.0000
  0.2031     0.0938     0.6563    -1.0000
  0.1758     0.0859     0.6758     0.0000
  0.1992     0.1016     0.6328     1.0000
  0.1679     0.1250     0.6367     2.0000
  0.2070     0.1094     0.6094     3.0000
  0.1992     0.1094     0.6172     4.0000
  0.1875     0.1094     0.6484     5.0000
  0.2109     0.0899     0.6641     6.0000
  0.1758     0.1055     0.7031     7.0000
  0.1671     0.1031     0.7305     8.0000
  0.1592     0.0993     0.7422     9.0000
  0.1475     0.0836     0.7578    10.0000
  0.1631     0.0914     0.7344    11.0000
  0.2109     0.0938     0.6836    12.0000
  0.1890     0.1078     0.6914    13.0000
  0.1812     0.1313     0.6875    14.0000
  0.1617     0.1273     0.7109    15.0000
  0.1422     0.1235     0.7344    16.0000
  0.1422     0.1409     0.7188    17.0000
  0.1345     0.1347     0.7344    18.0000
  0.1502     0.1230     0.7148    19.0000
  0.1541     0.1191     0.7148    20.0000
  0.1799     0.0875     0.7188    21.0000
  0.1992     0.0859     0.6992    22.0000
  0.1797     0.0859     0.7344    23.0000
  0.1719     0.0781     0.7344    24.0000
  0.1484     0.0742     0.7461    25.0000
  0.1523     0.0781     0.7383    26.0000
  0.1953     0.0664     0.6914    27.0000
  0.1875     0.0742     0.6914    28.0000
  0.2109     0.1016     0.6562    29.0000
  0.1797     0.1055     0.6719    30.0000
  0.1211     0.1406     0.6992    31.0000
  0.1484     0.1523     0.6602    32.0000
  0.1250     0.1484     0.6875    33.0000
  0.1484     0.1406     0.6836    34.0000
  0.1758     0.1250     0.6836    35.0000
  0.1641     0.1133     0.7227    36.0000
  0.1836     0.0977     0.7070    37.0000
  0.1719     0.1211     0.6797    38.0000
  0.1680     0.1250     0.6641    39.0000
  0.1406     0.1328     0.6680    40.0000
  0.1445     0.1406     0.6524    41.0000
  0.1406     0.1172     0.6758    42.0000
  0.1305     0.1084     0.7110    43.0000
  0.1181     0.1061     0.7422    44.0000
  0.1142     0.0905     0.7774    45.0000
  0.1142     0.0827     0.7891    46.0000
  0.0970     0.0836     0.7891    47.0000
  0.1055     0.0703     0.7773    48.0000
  0.0898     0.0703     0.7930    49.0000
  0.0938     0.0781     0.7852    50.0000
  0.1211     0.0781     0.7578    51.0000
  0.1133     0.1172     0.7266    52.0000
  0.0859     0.1524     0.7031    53.0000
  0.0898     0.1406     0.7070    54.0000
  0.0859     0.1406     0.7266    55.0000
  0.1016     0.1133     0.7539    56.0000
  0.1289     0.1016     0.7422    57.0000
  0.1445     0.1328     0.6992    58.0000
  0.1602     0.1758     0.6250    59.0000
  0.1719     0.2109     0.5625    60.0000
  0.1875     0.2227     0.5312    61.0000
  0.1836     0.2344     0.5195    62.0000
  0.1875     0.1836     0.5820    63.0000
  0.1875     0.1446     0.6250    64.0000
  0.1758     0.1094     0.6758    65.0000
  0.1484     0.0781     0.7383    66.0000
  0.1445     0.0781     0.7266    67.0000
  0.1250     0.0898     0.7461    68.0000
  0.1133     0.1055     0.7539    69.0000
  0.1250     0.1055     0.7539    70.0000
  0.1406     0.1055     0.7421    71.0000
  0.1406     0.1094     0.7226    72.0000
  0.1484     0.1055     0.7031    73.0000
  0.1406     0.1250     0.6758    74.0000
  0.1016     0.1680     0.6836    75.0000
  0.1094     0.1719     0.6758    76.0000
  0.0977     0.1719     0.6953    77.0000
  0.0898     0.1641     0.7266    78.0000
  0.0898     0.1328     0.7461    79.0000
  0.0938     0.1289     0.7578    80.0000
  0.0859     0.1289     0.7578    81.0000
  0.1094     0.1406     0.7227    82.0000
  0.1055     0.1562     0.7031    83.0000
  0.0898     0.1562     0.7070    84.0000
  0.1211     0.1406     0.6953    85.0000
  0.0898     0.1250     0.7422    86.0000
  0.0820     0.1172     0.7774    87.0000
  0.1016     0.1016     0.7852    88.0000
  0.1016     0.1055     0.7852    89.0000
  0.1133     0.1133     0.7656    90.0000
  0.1172     0.1445     0.7305    91.0000
  0.1016     0.1758     0.7148    92.0000
  0.0703     0.1992     0.7266    93.0000
  0.0742     0.1797     0.7422    94.0000
  0.0742     0.1172     0.8047    95.0000
