  0.0859     0.0273     0.8867   -100.0000
  0.0742     0.0234     0.9023   -99.0000
  0.0938     0.0156     0.8907   -98.0000
  0.0820     0.0430     0.8711   -97.0000
  0.0820     0.0859     0.8281   -96.0000
  0.0898     0.1289     0.7773   -95.0000
  0.0859     0.1523     0.7578   -94.0000
  0.0938     0.1289     0.7773   -93.0000
  0.0938     0.0977     0.8086   -92.0000
  0.0938     0.0664     0.8398   -91.0000
  0.0938     0.0586     0.8477   -90.0000
  0.0938     0.0547     0.8516   -89.0000
  0.0938     0.0469     0.8594   -88.0000
  0.0859     0.0273     0.8867   -87.0000
  0.0898     0.0156     0.8945   -86.0000
  0.0703     0.0234     0.9062   -85.0000
  0.0820     0.0547     0.8633   -84.0000
  0.1133     0.0898     0.7969   -83.0000
  0.1133     0.1094     0.7773   -82.0000
  0.1406     0.1211     0.7383   -81.0000
  0.1445     0.1172     0.7383   -80.0000
  0.1406     0.1211     0.7383   -79.0000
  0.1484     0.1328     0.7188   -78.0000
  0.1406     0.1406     0.7188   -77.0000
  0.1250     0.1523     0.7227   -76.0000
  0.1211     0.1602     0.7148   -75.0000
  0.1094     0.1602     0.7266   -74.0000
  0.0938     0.1797     0.7188   -73.0000
  0.1016     0.1797     0.7070   -72.0000
  0.0938     0.1914     0.7031   -71.0000
  0.0781     0.2109     0.6992   -70.0000
  0.1133     0.1836     0.6953   -69.0000
  0.1055     0.1563     0.7344   -68.0000
  0.0938     0.1016     0.8047   -67.0000
  0.1016     0.0547     0.8438   -66.0000
  0.0703     0.0508     0.8750   -65.0000
  0.0898     0.0508     0.8555   -64.0000
  0.1055     0.0586     0.8320   -63.0000
  0.1094     0.0508     0.8359   -62.0000
  0.1133     0.0352     0.8515   -61.0000
  0.0898     0.0430     0.8672   -60.0000
  0.0711     0.0462     0.8828   -59.0000
  0.0828     0.0502     0.8672   -58.0000
  0.0906     0.0580     0.8516   -57.0000
  0.0984     0.0384     0.8633   -56.0000
  0.1250     0.0547     0.8203   -55.0000
  0.1406     0.0586     0.8008   -54.0000
  0.1484     0.0625     0.7891   -53.0000
  0.1719     0.0664     0.7617   -52.0000
  0.1679     0.0469     0.7852   -51.0000
  0.1562     0.0703     0.7734   -50.0000
  0.1562     0.0859     0.7578   -49.0000
  0.1406     0.0977     0.7617   -48.0000
  0.1367     0.0977     0.7656   -47.0000
  0.1211     0.0781     0.8008   -46.0000
  0.1016     0.0781     0.8164   -45.0000
  0.1055     0.0703     0.8203   -44.0000
  0.1055     0.0586     0.8320   -43.0000
  0.1094     0.0430     0.8438   -42.0000
  0.1055     0.0234     0.8711   -41.0000
  0.0859     0.0273     0.8867   -40.0000
  0.0977     0.0547     0.8437   -39.0000
  0.1055     0.0742     0.8164   -38.0000
  0.1289     0.0703     0.7969   -37.0000
  0.1445     0.0781     0.7695   -36.0000
  0.1328     0.0703     0.7929   -35.0000
  0.1367     0.0781     0.7812   -34.0000
  0.1445     0.1055     0.7461   -33.0000
  0.1719     0.1016     0.7266   -32.0000
  0.1680     0.0977     0.7344   -31.0000
  0.1719     0.0898     0.7383   -30.0000
  0.2031     0.0703     0.7266   -29.0000
  0.1875     0.0586     0.7539   -28.0000
  0.1953     0.0469     0.7578   -27.0000
  0.1875     0.0430     0.7695   -26.0000
  0.1562     0.0391     0.8047   -25.0000
  0.1658     0.0387     0.7969   -24.0000
  0.1736     0.0348     0.7930   -23.0000
  0.1853     0.0270     0.7890   -22.0000
  0.1736     0.0231     0.8047   -21.0000
  0.1328     0.0234     0.8438   -20.0000
  0.1172     0.0312     0.8516   -19.0000
  0.1094     0.0351     0.8555   -18.0000
  0.1016     0.0391     0.8594   -17.0000
  0.1250     0.0391     0.8360   -16.0000
  0.1211     0.0430     0.8359   -15.0000
  0.1211     0.0625     0.8164   -14.0000
  0.1367     0.0820     0.7813   -13.0000
  0.1289     0.1133     0.7540   -12.0000
  0.1406     0.1406     0.7110   -11.0000
  0.1367     0.1328     0.7227   -10.0000
  0.1289     0.1094     0.7539    -9.0000
  0.1133     0.0742     0.8086    -8.0000
  0.1055     0.0430     0.8516    -7.0000
  0.0898     0.0312     0.8750    -6.0000
  0.0977     0.0352     0.8594    -5.0000
  0.1034     0.0312     0.8594    -4.0000
  0.1073     0.0234     0.8633    -3.0000
  0.1464     0.0195     0.8320    -2.0000
  0.1542     0.0195     0.8281    -1.0000
  0.1797     0.0273     0.7930     0.0000
  0.1719     0.0430     0.7852     1.0000
  0.1484     0.0469     0.8047     2.0000
  0.1641     0.0508     0.7852     3.0000
  0.1719     0.0664     0.7617     4.0000
  0.1875     0.0664     0.7422     5.0000
  0.1992     0.0664     0.7266     6.0000
  0.1836     0.0781     0.7305     7.0000
  0.1797     0.0664     0.7422     8.0000
  0.1680     0.0781     0.7422     9.0000
  0.1797     0.0938     0.7148    10.0000
  0.1836     0.1016     0.7031    11.0000
  0.1484     0.1680     0.6757    12.0000
  0.1836     0.1914     0.6211    13.0000
  0.1562     0.1953     0.6484    14.0000
  0.1523     0.1758     0.6719    15.0000
  0.1602     0.1445     0.6914    16.0000
  0.1211     0.1367     0.7344    17.0000
  0.1211     0.1406     0.7305    18.0000
  0.1211     0.1562     0.7149    19.0000
  0.1367     0.1406     0.7188    20.0000
  0.1523     0.1211     0.7188    21.0000
  0.1445     0.1094     0.7344    22.0000
  0.1367     0.1133     0.7344    23.0000
  0.1602     0.0938     0.7305    24.0000
  0.1523     0.0781     0.7617    25.0000
  0.1484     0.0547     0.7930    26.0000
  0.1367     0.0195     0.8438    27.0000
  0.1094     0.0195     0.8711    28.0000
  0.1133     0.0234     0.8633    29.0000
  0.1328     0.0391     0.8242    30.0000
  0.1406     0.0625     0.7930    31.0000
  0.1289     0.0703     0.7969    32.0000
  0.1445     0.0859     0.7656    33.0000
  0.1445     0.0938     0.7617    34.0000
  0.1484     0.0820     0.7695    35.0000
  0.1679     0.0938     0.7383    36.0000
  0.1562     0.0977     0.7461    37.0000
  0.1601     0.1172     0.7227    38.0000
  0.1562     0.1602     0.6836    39.0000
  0.1406     0.1602     0.6953    40.0000
  0.1250     0.1602     0.7031    41.0000
  0.1055     0.1484     0.7266    42.0000
  0.1094     0.1289     0.7383    43.0000
  0.1406     0.1094     0.7305    44.0000
  0.1523     0.0859     0.7500    45.0000
  0.2031     0.0703     0.7227    46.0000
  0.2071     0.0430     0.7500    47.0000
  0.1953     0.0430     0.7617    48.0000
  0.2305     0.0430     0.7266    49.0000
  0.1953     0.0391     0.7617    50.0000
  0.2109     0.0547     0.7305    51.0000
  0.2031     0.0703     0.7188    52.0000
  0.1875     0.1016     0.7031    53.0000
  0.2031     0.1289     0.6641    54.0000
  0.2031     0.1172     0.6719    55.0000
  0.2149     0.1133     0.6641    56.0000
  0.1953     0.1016     0.6914    57.0000
  0.1680     0.1055     0.7148    58.0000
  0.1602     0.1211     0.7109    59.0000
  0.1484     0.1250     0.7227    60.0000
  0.1562     0.1055     0.7383    61.0000
  0.1797     0.0703     0.7500    62.0000
  0.1464     0.0655     0.7891    63.0000
  0.1699     0.0498     0.7813    64.0000
  0.1855     0.0498     0.7656    65.0000
  0.1855     0.0694     0.7461    66.0000
  0.2148     0.0742     0.7109    67.0000
  0.2070     0.0859     0.7070    68.0000
  0.2227     0.1055     0.6680    69.0000
  0.2305     0.1133     0.6523    70.0000
  0.2383     0.1055     0.6523    71.0000
  0.2344     0.0898     0.6719    72.0000
  0.1953     0.0898     0.7148    73.0000
  0.1797     0.0781     0.7422    74.0000
  0.1523     0.0703     0.7773    75.0000
  0.1484     0.0820     0.7695    76.0000
  0.1680     0.0664     0.7656    77.0000
  0.1563     0.0703     0.7734    78.0000
  0.1875     0.0781     0.7344    79.0000
  0.1797     0.0938     0.7266    80.0000
  0.2109     0.1250     0.6641    81.0000
  0.2656     0.1406     0.5938    82.0000
  0.2383     0.1484     0.6133    83.0000
  0.2656     0.1250     0.6055    84.0000
  0.2227     0.1016     0.6719    85.0000
  0.1836     0.0742     0.7383    86.0000
  0.2031     0.0664     0.7266    87.0000
  0.1914     0.1094     0.6992    88.0000
  0.1875     0.1289     0.6836    89.0000
  0.1758     0.1602     0.6602    90.0000
  0.1640     0.1680     0.6602    91.0000
  0.1484     0.1367     0.7070    92.0000
  0.1601     0.1328     0.6992    93.0000
  0.1367     0.0938     0.7500    94.0000
  0.1719     0.1039     0.7109    95.0000
