  0.1133     0.0586     0.8281   -100.0000
  0.1172     0.0820     0.7930   -99.0000
  0.1055     0.1094     0.7695   -98.0000
  0.1211     0.1211     0.7344   -97.0000
  0.1352     0.1055     0.7383   -96.0000
  0.1453     0.0664     0.8008   -95.0000
  0.1531     0.0469     0.8203   -94.0000
  0.1258     0.0391     0.8555   -93.0000
  0.1312     0.0625     0.8164   -92.0000
  0.1328     0.0859     0.7578   -91.0000
  0.1351     0.0664     0.7734   -90.0000
  0.1312     0.0664     0.7852   -89.0000
  0.0883     0.0805     0.8399   -88.0000
  0.0570     0.0688     0.8906   -87.0000
  0.0195     0.0838     0.9141   -86.0000
  0.0156     0.0720     0.9258   -85.0000
  0.0156     0.0445     0.9336   -84.0000
  0.0430     0.0523     0.8945   -83.0000
  0.0664     0.0529     0.8711   -82.0000
  0.0898     0.0569     0.8438   -81.0000
  0.1211     0.0625     0.8086   -80.0000
  0.0859     0.0730     0.8320   -79.0000
  0.0977     0.0691     0.8242   -78.0000
  0.1172     0.0730     0.8047   -77.0000
  0.1406     0.0769     0.7734   -76.0000
  0.1875     0.0625     0.7422   -75.0000
  0.1914     0.0664     0.7305   -74.0000
  0.1706     0.0508     0.7734   -73.0000
  0.1276     0.0391     0.8320   -72.0000
  0.1120     0.0352     0.8555   -71.0000
  0.1030     0.0195     0.8750   -70.0000
  0.0925     0.0273     0.8711   -69.0000
  0.1159     0.0273     0.8477   -68.0000
  0.1147     0.0156     0.8555   -67.0000
  0.1198     0.0234     0.8516   -66.0000
  0.1003     0.0456     0.8555   -65.0000
  0.0847     0.0534     0.8633   -64.0000
  0.0859     0.0691     0.8477   -63.0000
  0.0898     0.0847     0.8242   -62.0000
  0.1484     0.0781     0.7617   -61.0000
  0.1758     0.0742     0.7344   -60.0000
  0.1758     0.0703     0.7422   -59.0000
  0.1562     0.0547     0.7812   -58.0000
  0.1211     0.0391     0.8359   -57.0000
  0.0977     0.0391     0.8633   -56.0000
  0.1289     0.0351     0.8359   -55.0000
  0.1367     0.0391     0.8242   -54.0000
  0.1406     0.0547     0.8008   -53.0000
  0.1289     0.0781     0.7852   -52.0000
  0.0977     0.1133     0.7773   -51.0000
  0.1016     0.1446     0.7383   -50.0000
  0.0938     0.1406     0.7500   -49.0000
  0.1016     0.1172     0.7695   -48.0000
  0.0878     0.0742     0.8320   -47.0000
  0.0566     0.0488     0.8945   -46.0000
  0.0448     0.0370     0.9180   -45.0000
  0.0553     0.0253     0.9180   -44.0000
  0.0612     0.0331     0.8984   -43.0000
  0.0730     0.0351     0.8789   -42.0000
  0.0769     0.0586     0.8516   -41.0000
  0.0664     0.0859     0.8320   -40.0000
  0.0664     0.0859     0.8320   -39.0000
  0.0547     0.0789     0.8555   -38.0000
  0.0586     0.0711     0.8633   -37.0000
  0.0625     0.0945     0.8359   -36.0000
  0.0625     0.1375     0.7930   -35.0000
  0.0781     0.2070     0.7031   -34.0000
  0.0938     0.2539     0.6367   -33.0000
  0.0898     0.2929     0.6016   -32.0000
  0.0859     0.3242     0.5742   -31.0000
  0.1016     0.2852     0.6016   -30.0000
  0.0820     0.2383     0.6680   -29.0000
  0.0781     0.1680     0.7461   -28.0000
  0.0586     0.0959     0.8438   -27.0000
  0.0273     0.0705     0.9024   -26.0000
  0.0431     0.0470     0.9141   -25.0000
  0.0392     0.0353     0.9297   -24.0000
  0.0548     0.0331     0.9141   -23.0000
  0.0626     0.0234     0.9141   -22.0000
  0.0469     0.0312     0.9219   -21.0000
  0.0430     0.0312     0.9258   -20.0000
  0.0273     0.0434     0.9297   -19.0000
  0.0312     0.0434     0.9219   -18.0000
  0.0469     0.0512     0.8984   -17.0000
  0.0664     0.0786     0.8477   -16.0000
  0.1094     0.0976     0.7812   -15.0000
  0.1289     0.1328     0.7266   -14.0000
  0.1211     0.1523     0.7109   -13.0000
  0.1055     0.1289     0.7500   -12.0000
  0.0742     0.1016     0.8125   -11.0000
  0.0586     0.0664     0.8671   -10.0000
  0.0566     0.0413     0.8984    -9.0000
  0.0566     0.0608     0.8828    -8.0000
  0.0644     0.0764     0.8554    -7.0000
  0.0644     0.0842     0.8438    -6.0000
  0.0586     0.0898     0.8438    -5.0000
  0.0469     0.0836     0.8633    -4.0000
  0.0273     0.0762     0.8945    -3.0000
  0.0508     0.0801     0.8672    -2.0000
  0.0703     0.0801     0.8438    -1.0000
  0.0938     0.0825     0.8125     0.0000
  0.1484     0.0898     0.7461     1.0000
  0.1446     0.1094     0.7305     2.0000
  0.1563     0.1289     0.6992     3.0000
  0.1641     0.1406     0.6797     4.0000
  0.1250     0.1601     0.6992     5.0000
  0.1289     0.1601     0.6953     6.0000
  0.1289     0.1640     0.6914     7.0000
  0.1641     0.1484     0.6719     8.0000
  0.2031     0.1133     0.6719     9.0000
  0.2344     0.0820     0.6758    10.0000
  0.2383     0.0508     0.7070    11.0000
  0.2148     0.0508     0.7344    12.0000
  0.1914     0.0547     0.7539    13.0000
  0.1602     0.0625     0.7734    14.0000
  0.1289     0.0742     0.7891    15.0000
  0.1094     0.0625     0.8164    16.0000
  0.1016     0.0625     0.8242    17.0000
  0.0938     0.0547     0.8438    18.0000
  0.1133     0.0469     0.8321    19.0000
  0.1172     0.0469     0.8282    20.0000
  0.1055     0.0391     0.8477    21.0000
  0.1250     0.0391     0.8281    22.0000
  0.1211     0.0469     0.8281    23.0000
  0.1250     0.0508     0.8242    24.0000
  0.1367     0.0586     0.8047    25.0000
  0.1016     0.0664     0.8320    26.0000
  0.0938     0.0586     0.8438    27.0000
  0.0938     0.0547     0.8438    28.0000
  0.1172     0.0781     0.7930    29.0000
  0.1328     0.0859     0.7656    30.0000
  0.1367     0.0938     0.7578    31.0000
  0.1484     0.1055     0.7344    32.0000
  0.1211     0.0938     0.7734    33.0000
  0.1250     0.1055     0.7578    34.0000
  0.1250     0.1328     0.7266    35.0000
  0.1094     0.1680     0.7070    36.0000
  0.1211     0.1797     0.6836    37.0000
  0.1172     0.1836     0.6836    38.0000
  0.1133     0.1836     0.6875    39.0000
  0.1172     0.1640     0.7031    40.0000
  0.0977     0.1562     0.7304    41.0000
  0.0977     0.1328     0.7578    42.0000
  0.0938     0.0937     0.8047    43.0000
  0.0859     0.0664     0.8438    44.0000
  0.0867     0.0726     0.8398    45.0000
  0.0633     0.0688     0.8633    46.0000
  0.0672     0.0727     0.8516    47.0000
  0.0867     0.0727     0.8320    48.0000
  0.1250     0.0508     0.8125    49.0000
  0.1484     0.0586     0.7812    50.0000
  0.1719     0.0625     0.7578    51.0000
  0.1797     0.0703     0.7383    52.0000
  0.1602     0.0742     0.7578    53.0000
  0.1680     0.0664     0.7578    54.0000
  0.1758     0.0703     0.7422    55.0000
  0.1953     0.0742     0.7227    56.0000
  0.2304     0.0977     0.6602    57.0000
  0.2578     0.1133     0.6172    58.0000
  0.2539     0.1133     0.6211    59.0000
  0.2422     0.1016     0.6406    60.0000
  0.2500     0.0703     0.6641    61.0000
  0.2148     0.0742     0.6953    62.0000
  0.2305     0.0859     0.6719    63.0000
  0.2422     0.0898     0.6602    64.0000
  0.2304     0.0898     0.6719    65.0000
  0.2539     0.0820     0.6562    66.0000
  0.2656     0.0820     0.6406    67.0000
  0.2305     0.1133     0.6406    68.0000
  0.2109     0.1367     0.6367    69.0000
  0.2227     0.1289     0.6367    70.0000
  0.1875     0.1094     0.6953    71.0000
  0.1836     0.0742     0.7383    72.0000
  0.1641     0.0703     0.7617    73.0000
  0.1524     0.0781     0.7656    74.0000
  0.1484     0.0820     0.7617    75.0000
  0.1406     0.1133     0.7344    76.0000
  0.1484     0.1133     0.7266    77.0000
  0.1406     0.1211     0.7227    78.0000
  0.1406     0.1445     0.6993    79.0000
  0.1562     0.1406     0.6875    80.0000
  0.1719     0.1328     0.6797    81.0000
  0.1601     0.1367     0.6875    82.0000
  0.1562     0.1367     0.6914    83.0000
  0.1445     0.1172     0.7266    84.0000
  0.1367     0.1211     0.7344    85.0000
  0.1484     0.1055     0.7383    86.0000
  0.1523     0.1094     0.7344    87.0000
  0.1797     0.1289     0.6836    88.0000
  0.1953     0.1406     0.6524    89.0000
  0.1953     0.1523     0.6407    90.0000
  0.2031     0.1250     0.6602    91.0000
  0.1914     0.1133     0.6875    92.0000
  0.1836     0.0977     0.7109    93.0000
  0.1719     0.0977     0.7227    94.0000
  0.1602     0.1172     0.7109    95.0000
