   0.00000   0.90729
   1.00000   0.89592
   2.00000   0.88673
   3.00000   0.87960
   4.00000   0.87383
   5.00000   0.86888
   6.00000   0.86449
   7.00000   0.86050
   8.00000   0.85682
   9.00000   0.85337
  10.00000   0.85011
  11.00000   0.84701
  12.00000   0.84404
  13.00000   0.84118
  14.00000   0.83842
  15.03330   0.83490
  16.03122   0.83243
  17.02939   0.82994
  18.02776   0.82748
  19.02630   0.82506
  20.02498   0.82269
  21.02380   0.82035
  22.02271   0.81806
  23.02173   0.81579
  24.02082   0.81355
  25.01999   0.81133
  26.01922   0.80915
  27.01851   0.80699
  28.01785   0.80486
  29.01724   0.80274
  30.01666   0.80065
  31.01612   0.79858
  32.01562   0.79652
  33.01515   0.79448
  34.01470   0.79246
  35.01428   0.79046
  36.01389   0.78847
  37.01351   0.78649
  38.01316   0.78453
  39.01282   0.78258
  40.01250   0.78064
  41.01219   0.77871
  42.01190   0.77679
  43.04649   0.77434
  44.04543   0.77253
  45.04442   0.77069
  46.04346   0.76884
  47.04253   0.76699
  48.04165   0.76515
  49.04080   0.76331
  50.03999   0.76148
  51.03920   0.75965
  52.03845   0.75784
  53.03772   0.75602
  54.03703   0.75422
  55.03635   0.75242
  56.03570   0.75064
  57.03508   0.74885
  58.03447   0.74708
  59.03389   0.74531
  60.03333   0.74355
  61.03278   0.74179
  62.03225   0.74005
  63.03174   0.73831
  64.03124   0.73658
  65.03076   0.73485
  66.03030   0.73313
  67.02985   0.73142
  68.02940   0.72971
  69.02898   0.72801
  70.02856   0.72632
  71.02816   0.72463
  72.06247   0.72248
  73.06161   0.72089
  74.06078   0.71925
  75.05997   0.71760
  76.05919   0.71596
  77.05842   0.71431
  78.05767   0.71267
  79.05694   0.71103
  80.05623   0.70940
  81.05553   0.70777
  82.05486   0.70614
  83.05420   0.70452
  84.05355   0.70290
  85.05293   0.70129
  86.05231   0.69968
  87.05171   0.69808
  88.05112   0.69649
  89.05054   0.69490
  90.04999   0.69331
  91.04944   0.69173
  92.04890   0.69016
  93.04838   0.68859
  94.04786   0.68703
  95.04736   0.68547
  96.04687   0.68391
  97.04638   0.68236
  98.04591   0.68082
  99.04544   0.67928
 100.04499   0.67775
 101.07918   0.67580
 102.07840   0.67435
 103.07764   0.67286
 104.07690   0.67136
 105.07616   0.66987
 106.07545   0.66837
 107.07474   0.66687
 108.07405   0.66538
 109.07337   0.66389
 110.07270   0.66240
 111.07205   0.66092
 112.07140   0.65944
 113.07078   0.65797
 114.07015   0.65650
 115.06954   0.65504
 116.06895   0.65358
 117.06836   0.65212
 118.06778   0.65068
 119.06721   0.64923
 120.06665   0.64780
 121.06610   0.64636
 122.06556   0.64493
 123.06503   0.64350
 124.06450   0.64208
 125.06398   0.64067
 126.06348   0.63925
 127.06297   0.63784
 128.06248   0.63644
 129.09686   0.63466
 130.09612   0.63333
 131.09538   0.63196
 132.09467   0.63059
 133.09395   0.62922
 134.09325   0.62785
 135.09256   0.62648
 136.09187   0.62511
 137.09122   0.62374
 138.09055   0.62237
 139.08990   0.62101
 140.08926   0.61966
 141.08862   0.61831
 142.08800   0.61696
 143.08739   0.61562
 144.08678   0.61428
 145.08618   0.61294
 146.08559   0.61161
 147.08501   0.61028
 148.08444   0.60895
 149.08386   0.60763
 150.08331   0.60631
 151.08276   0.60500
 152.08221   0.60369
 153.08168   0.60238
 154.08115   0.60107
 155.08063   0.59977
 156.08011   0.59848
 157.07961   0.59719
 158.11388   0.59555
 159.11317   0.59432
 160.11246   0.59307
 161.11176   0.59181
 162.11107   0.59055
 163.11040   0.58929
 164.10973   0.58803
 165.10905   0.58677
 166.10840   0.58551
 167.10774   0.58426
 168.10710   0.58301
 169.10648   0.58176
 170.10585   0.58052
 171.10522   0.57928
 172.10461   0.57805
 173.10402   0.57681
 174.10342   0.57558
 175.10283   0.57436
 176.10225   0.57313
 177.10167   0.57191
 178.10109   0.57069
 179.10052   0.56948
 180.09998   0.56826
 181.09943   0.56705
 182.09888   0.56584
 183.09833   0.56463
 184.09779   0.56343
 185.09727   0.56223
 186.09676   0.56103
 187.13097   0.55952
 188.13028   0.55838
 189.12958   0.55722
 190.12891   0.55605
 191.12823   0.55488
 192.12756   0.55371
 193.12691   0.55253
 194.12625   0.55136
 195.12560   0.55019
 196.12495   0.54902
 197.12433   0.54785
 198.12370   0.54668
 199.12308   0.54552
 200.12247   0.54436
 201.12186   0.54320
 202.12125   0.54204
 203.12065   0.54088
 204.12006   0.53973
 205.11948   0.53858
 206.11890   0.53744
 207.11832   0.53629
 208.11775   0.53515
 209.11719   0.53400
 210.11664   0.53287
 211.11609   0.53173
 212.11554   0.53060
 213.11499   0.52947
 214.11446   0.52835
 215.14879   0.52693
 216.14810   0.52586
 217.14742   0.52477
 218.14674   0.52367
 219.14607   0.52257
 220.14540   0.52147
 221.14474   0.52037
 222.14410   0.51927
 223.14345   0.51817
 224.14281   0.51707
 225.14218   0.51598
 226.14156   0.51489
 227.14093   0.51380
 228.14030   0.51272
 229.13969   0.51163
 230.13908   0.51055
 231.13849   0.50947
 232.13789   0.50839
 233.13730   0.50732
 234.13672   0.50624
 235.13612   0.50517
 236.13556   0.50410
 237.13498   0.50302
 238.13441   0.50195
 239.13385   0.50089
 240.13330   0.49982
 241.13274   0.49876
 242.13220   0.49770
 243.13165   0.49665
 244.16592   0.49532
 245.16525   0.49432
 246.16458   0.49330
 247.16391   0.49227
 248.16325   0.49124
 249.16260   0.49020
 250.16194   0.48917
 251.16130   0.48814
 252.16066   0.48710
 253.16003   0.48607
 254.15939   0.48505
 255.15877   0.48402
 256.15814   0.48300
 257.15753   0.48199
 258.15692   0.48097
 259.15631   0.47996
 260.15573   0.47895
 261.15512   0.47794
 262.15454   0.47694
 263.15396   0.47593
 264.15335   0.47493
 265.15277   0.47393
 266.15222   0.47293
 267.15164   0.47194
 268.15106   0.47095
 269.15051   0.46996
 270.14996   0.46897
 271.14941   0.46799
 272.14886   0.46700
 273.18307   0.46577
 274.18243   0.46484
 275.18176   0.46388
 276.18109   0.46292
 277.18045   0.46196
 278.17981   0.46099
 279.17917   0.46002
 280.17853   0.45905
 281.17789   0.45809
 282.17725   0.45712
 283.17664   0.45616
 284.17599   0.45521
 285.17538   0.45425
 286.17477   0.45330
 287.17416   0.45235
 288.17355   0.45139
 289.17297   0.45045
 290.17236   0.44951
 291.17178   0.44856
 292.17117   0.44762
 293.17059   0.44669
 294.17001   0.44575
 295.16943   0.44482
 296.16888   0.44388
 297.16830   0.44295
 298.16772   0.44203
 299.16718   0.44110
 300.16663   0.44018
 301.20093   0.43903
 302.20026   0.43816
 303.19962   0.43727
 304.19894   0.43637
 305.19830   0.43547
 306.19766   0.43457
 307.19699   0.43367
 308.19638   0.43277
 309.19574   0.43187
 310.19510   0.43097
 311.19446   0.43008
 312.19385   0.42919
 313.19324   0.42830
 314.19263   0.42742
 315.19202   0.42653
 316.19141   0.42565
 317.19080   0.42477
 318.19019   0.42389
 319.18961   0.42302
 320.18900   0.42215
 321.18842   0.42127
 322.18784   0.42040
 323.18726   0.41954
 324.18668   0.41867
 325.18610   0.41780
 326.18552   0.41694
 327.18497   0.41608
 328.18439   0.41522
 329.18384   0.41437
 330.21811   0.41331
 331.21744   0.41250
 332.21680   0.41167
 333.21616   0.41084
 334.21548   0.41000
 335.21484   0.40917
 336.21420   0.40833
 337.21359   0.40749
 338.21295   0.40666
 339.21231   0.40582
 340.21170   0.40499
 341.21109   0.40416
 342.21045   0.40333
 343.20984   0.40251
 344.20923   0.40168
 345.20862   0.40086
 346.20804   0.40004
 347.20743   0.39922
 348.20685   0.39840
 349.20624   0.39758
 350.20566   0.39677
 351.20508   0.39595
 352.20450   0.39514
 353.20392   0.39433
 354.20334   0.39352
 355.20276   0.39271
 356.20218   0.39191
 357.20163   0.39110
 358.20105   0.39030
 359.23529   0.38931
 360.23465   0.38855
 361.23401   0.38778
 362.23334   0.38700
 363.23270   0.38622
 364.23206   0.38543
 365.23145   0.38465
 366.23080   0.38386
 367.23016   0.38308
 368.22955   0.38230
 369.22891   0.38152
 370.22830   0.38074
 371.22769   0.37996
 372.22708   0.37919
 373.22647   0.37841
 374.22586   0.37764
 375.22528   0.37687
 376.22467   0.37610
 377.22406   0.37533
 378.22348   0.37456
 379.22290   0.37380
 380.22229   0.37303
 381.22171   0.37227
 382.22113   0.37150
 383.22055   0.37074
 384.22000   0.36998
 385.21942   0.36922
 386.21884   0.36846
 387.25314   0.36753
 388.25250   0.36682
 389.25186   0.36609
 390.25119   0.36535
 391.25055   0.36461
 392.24991   0.36386
 393.24930   0.36312
 394.24866   0.36238
 395.24802   0.36164
 396.24741   0.36089
 397.24677   0.36015
 398.24615   0.35941
 399.24554   0.35868
 400.24493   0.35794
 401.24432   0.35721
 402.24371   0.35647
 403.24310   0.35574
 404.24249   0.35501
 405.24191   0.35428
 406.24130   0.35355
 407.24072   0.35282
 408.24011   0.35209
 409.23953   0.35137
 410.23895   0.35064
 411.23837   0.34992
 412.23779   0.34919
 413.23721   0.34847
 414.23663   0.34775
 415.23608   0.34703
 416.27036   0.34615
 417.26968   0.34547
 418.26904   0.34478
 419.26840   0.34408
 420.26776   0.34338
 421.26715   0.34267
 422.26651   0.34197
 423.26587   0.34126
 424.26526   0.34056
 425.26462   0.33985
 426.26401   0.33915
 427.26340   0.33845
 428.26276   0.33775
 429.26215   0.33705
 430.26154   0.33635
 431.26096   0.33566
 432.26035   0.33496
 433.25974   0.33427
 434.25912   0.33358
 435.25854   0.33289
 436.25797   0.33220
 437.25735   0.33151
 438.25677   0.33082
 439.25620   0.33014
 440.25562   0.32946
 441.25504   0.32878
 442.25446   0.32809
 443.25388   0.32741
 444.25330   0.32674
 445.28754   0.32591
 446.28690   0.32527
 447.28625   0.32462
 448.28561   0.32396
 449.28497   0.32331
 450.28436   0.32264
 451.28372   0.32198
 452.28311   0.32132
 453.28247   0.32066
 454.28186   0.32000
 455.28122   0.31934
 456.28061   0.31868
 457.28000   0.31802
 458.27939   0.31736
 459.27878   0.31671
 460.27817   0.31605
 461.27759   0.31540
 462.27698   0.31475
 463.27637   0.31410
 464.27579   0.31345
 465.27518   0.31280
 466.27460   0.31216
 467.27402   0.31151
 468.27344   0.31087
 469.27283   0.31023
 470.27225   0.30958
 471.27170   0.30894
 472.27112   0.30830
 473.30539   0.30752
 474.30475   0.30693
 475.30411   0.30632
 476.30347   0.30570
 477.30283   0.30509
 478.30222   0.30446
 479.30157   0.30384
 480.30093   0.30322
 481.30032   0.30260
 482.29971   0.30198
 483.29907   0.30136
 484.29846   0.30074
 485.29785   0.30012
 486.29724   0.29951
 487.29663   0.29889
 488.29602   0.29828
 489.29541   0.29766
 490.29480   0.29705
 491.29422   0.29643
 492.29361   0.29582
 493.29303   0.29521
 494.29242   0.29460
 495.29184   0.29399
 496.29126   0.29338
 497.29065   0.29277
 498.29007   0.29217
 499.28949   0.29156
 500.28891   0.29096
 501.28833   0.29035
 502.32260   0.28962
 503.32196   0.28906
 504.32132   0.28848
 505.32068   0.28790
 506.32007   0.28731
 507.31943   0.28672
 508.31879   0.28614
 509.31818   0.28555
 510.31754   0.28496
 511.31693   0.28437
 512.31628   0.28378
 513.31567   0.28319
 514.31506   0.28261
 515.31445   0.28202
 516.31384   0.28144
 517.31323   0.28085
 518.31262   0.28027
 519.31207   0.27968
 520.31146   0.27910
 521.31085   0.27852
 522.31024   0.27794
 523.30963   0.27736
 524.30908   0.27678
 525.30847   0.27621
 526.30792   0.27563
 527.30731   0.27505
 528.30670   0.27448
 529.30615   0.27390
 530.30554   0.27333
 531.33984   0.27263
 532.33917   0.27210
 533.33856   0.27155
 534.33789   0.27100
 535.33728   0.27044
 536.33667   0.26988
 537.33600   0.26933
 538.33539   0.26877
 539.33478   0.26821
 540.33417   0.26765
 541.33356   0.26709
 542.33295   0.26654
 543.33234   0.26598
 544.33173   0.26543
 545.33112   0.26487
 546.33051   0.26432
 547.32990   0.26377
 548.32928   0.26322
 549.32867   0.26267
 550.32806   0.26212
 551.32751   0.26157
 552.32690   0.26102
 553.32629   0.26048
 554.32574   0.25993
 555.32513   0.25938
 556.32452   0.25884
 557.32397   0.25829
 558.32336   0.25775
 559.35767   0.25709
 560.35706   0.25658
 561.35638   0.25606
 562.35577   0.25554
 563.35510   0.25501
 564.35449   0.25448
 565.35388   0.25395
 566.35327   0.25342
 567.35260   0.25289
 568.35199   0.25236
 569.35138   0.25183
 570.35077   0.25130
 571.35016   0.25077
 572.34955   0.25024
 573.34894   0.24972
 574.34833   0.24919
 575.34772   0.24866
 576.34711   0.24814
 577.34650   0.24761
 578.34595   0.24709
 579.34534   0.24657
 580.34473   0.24605
 581.34412   0.24554
 582.34357   0.24502
 583.34296   0.24450
 584.34235   0.24399
 585.34180   0.24347
 586.34119   0.24296
 587.34064   0.24244
 588.37488   0.24182
 589.37427   0.24135
 590.37360   0.24086
 591.37299   0.24037
 592.37238   0.23987
 593.37170   0.23938
 594.37109   0.23888
 595.37048   0.23839
 596.36987   0.23789
 597.36926   0.23739
 598.36859   0.23690
 599.36798   0.23641
 600.36737   0.23591
 601.36676   0.23542
 602.36615   0.23493
 603.36554   0.23444
 604.36493   0.23395
 605.36438   0.23346
 606.36377   0.23297
 607.36316   0.23249
 608.36255   0.23201
 609.36194   0.23152
 610.36139   0.23104
 611.36078   0.23056
 612.36017   0.23009
 613.35962   0.22961
 614.35901   0.22913
 615.35846   0.22865
 616.35785   0.22818
 617.39209   0.22760
 618.39148   0.22716
 619.39081   0.22671
 620.39020   0.22626
 621.38959   0.22581
 622.38892   0.22535
 623.38831   0.22489
 624.38770   0.22443
 625.38708   0.22398
 626.38647   0.22352
 627.38586   0.22306
 628.38525   0.22261
 629.38464   0.22215
 630.38403   0.22170
 631.38342   0.22125
 632.38281   0.22079
 633.38220   0.22034
 634.38159   0.21989
 635.38098   0.21944
 636.38037   0.21899
 637.37982   0.21854
 638.37921   0.21810
 639.37860   0.21766
 640.37799   0.21721
 641.37744   0.21677
 642.37683   0.21633
 643.37622   0.21589
 644.37567   0.21545
 645.40997   0.21491
 646.40930   0.21451
 647.40869   0.21409
 648.40802   0.21367
 649.40741   0.21325
 650.40680   0.21283
 651.40619   0.21240
 652.40558   0.21198
 653.40491   0.21155
 654.40430   0.21113
 655.40369   0.21070
 656.40308   0.21028
 657.40247   0.20985
 658.40186   0.20943
 659.40125   0.20900
 660.40063   0.20858
 661.40002   0.20816
 662.39941   0.20773
 663.39880   0.20731
 664.39825   0.20689
 665.39764   0.20647
 666.39703   0.20605
 667.39642   0.20564
 668.39581   0.20522
 669.39526   0.20480
 670.39465   0.20438
 671.39404   0.20397
 672.39349   0.20355
 673.39288   0.20313
 674.42719   0.20262
 675.42651   0.20224
 676.42590   0.20184
 677.42529   0.20145
 678.42462   0.20105
 679.42401   0.20064
 680.42340   0.20024
 681.42279   0.19983
 682.42218   0.19943
 683.42151   0.19902
 684.42090   0.19862
 685.42029   0.19822
 686.41968   0.19782
 687.41907   0.19742
 688.41846   0.19702
 689.41785   0.19662
 690.41724   0.19622
 691.41669   0.19582
 692.41608   0.19543
 693.41547   0.19503
 694.41486   0.19463
 695.41425   0.19424
 696.41370   0.19384
 697.41309   0.19345
 698.41248   0.19305
 699.41193   0.19266
 700.41132   0.19227
 701.41071   0.19187
 702.41016   0.19148
 703.44440   0.19100
 704.44373   0.19063
 705.44312   0.19026
 706.44250   0.18989
 707.44189   0.18951
 708.44122   0.18913
 709.44061   0.18874
 710.44000   0.18836
 711.43939   0.18798
 712.43878   0.18760
 713.43817   0.18722
 714.43756   0.18684
 715.43695   0.18646
 716.43634   0.18608
 717.43573   0.18570
 718.43512   0.18532
 719.43451   0.18493
 720.43390   0.18456
 721.43329   0.18418
 722.43268   0.18380
 723.43207   0.18342
 724.43152   0.18305
 725.43091   0.18267
 726.43030   0.18230
 727.42975   0.18192
 728.42914   0.18155
 729.42853   0.18117
 730.42798   0.18080
 731.46222   0.18034
 732.46161   0.17999
 733.46100   0.17964
 734.46033   0.17928
 735.45972   0.17892
 736.45911   0.17855
 737.45850   0.17819
 738.45782   0.17782
 739.45721   0.17746
 740.45660   0.17709
 741.45599   0.17672
 742.45538   0.17636
 743.45477   0.17599
 744.45416   0.17563
 745.45355   0.17526
 746.45294   0.17490
 747.45233   0.17454
 748.45172   0.17417
 749.45111   0.17381
 750.45056   0.17345
 751.44995   0.17308
 752.44934   0.17273
 753.44873   0.17237
 754.44812   0.17201
 755.44757   0.17165
 756.44696   0.17129
 757.44635   0.17093
 758.44580   0.17057
 759.44519   0.17021
 760.47943   0.16977
 761.47882   0.16944
 762.47821   0.16910
 763.47760   0.16875
 764.47693   0.16841
 765.47632   0.16806
 766.47571   0.16771
 767.47510   0.16736
 768.47449   0.16701
 769.47382   0.16666
 770.47321   0.16631
 771.47260   0.16597
 772.47198   0.16562
 773.47137   0.16527
 774.47076   0.16492
 775.47015   0.16457
 776.46960   0.16422
 777.46899   0.16387
 778.46838   0.16352
 779.46777   0.16316
 780.46716   0.16282
 781.46655   0.16247
 782.46600   0.16212
 783.46539   0.16178
 784.46478   0.16143
 785.46417   0.16108
 786.46362   0.16073
 787.46301   0.16038
 788.49731   0.15996
 789.49670   0.15964
 790.49603   0.15931
 791.49542   0.15898
 792.49481   0.15864
 793.49420   0.15831
 794.49353   0.15797
 795.49292   0.15763
 796.49231   0.15729
 797.49170   0.15696
 798.49109   0.15662
 799.49048   0.15628
 800.48987   0.15594
 801.48926   0.15561
 802.48865   0.15527
 803.48804   0.15493
 804.48743   0.15459
 805.48682   0.15426
 806.48621   0.15392
 807.48560   0.15358
 808.48499   0.15325
 809.48438   0.15291
 810.48383   0.15258
 811.48322   0.15224
 812.48260   0.15191
 813.48199   0.15157
 814.48145   0.15123
 815.48083   0.15090
 816.48022   0.15056
 817.51453   0.15016
 818.51392   0.14985
 819.51324   0.14953
 820.51263   0.14922
 820.51263   0.14922
 821.51202   0.14889
 822.51141   0.14857
 823.51080   0.14825
 824.51013   0.14792
 825.50952   0.14760
 826.50891   0.14727
 827.50830   0.14695
 828.50769   0.14662
 829.50708   0.14630
 830.50647   0.14598
 831.50586   0.14565
 832.50525   0.14533
 833.50464   0.14501
 834.50403   0.14469
 835.50342   0.14437
 836.50287   0.14404
 837.50226   0.14372
 838.50165   0.14340
 839.50104   0.14308
 840.50043   0.14276
 841.49988   0.14244
 842.49927   0.14212
 843.49866   0.14180
 844.49805   0.14148
 845.53235   0.14110
 846.53174   0.14081
 847.53113   0.14051
 848.53052   0.14021
 849.52985   0.13990
 850.52924   0.13960
 851.52863   0.13929
 852.52802   0.13898
 853.52740   0.13868
 854.52679   0.13837
 855.52618   0.13806
 856.52551   0.13776
 857.52490   0.13745
 858.52429   0.13715
 859.52368   0.13684
 860.52307   0.13654
 861.52246   0.13623
 862.52191   0.13593
 863.52130   0.13562
 864.52069   0.13531
 865.52008   0.13501
 866.51947   0.13470
 867.51886   0.13440
 868.51825   0.13409
 869.51770   0.13379
 870.51709   0.13349
 871.51648   0.13318
 872.51593   0.13288
 873.55023   0.13251
 874.54962   0.13224
 875.54895   0.13195
 876.54834   0.13166
 877.54773   0.13138
 878.54712   0.13109
 879.54645   0.13080
 880.54584   0.13050
 881.54523   0.13021
 882.54462   0.12992
 883.54401   0.12963
 884.54340   0.12934
 885.54279   0.12905
 886.54218   0.12875
 887.54156   0.12846
 888.54095   0.12817
 889.54034   0.12788
 890.53973   0.12759
 891.53912   0.12730
 892.53851   0.12701
 893.53790   0.12672
 894.53729   0.12643
 895.53668   0.12614
 896.53613   0.12585
 897.53552   0.12557
 898.53491   0.12528
 899.53430   0.12499
 900.53375   0.12470
 901.53314   0.12441
 902.56744   0.12407
 903.56683   0.12381
 904.56622   0.12354
 905.56555   0.12327
 906.56494   0.12300
 907.56433   0.12272
 908.56372   0.12245
 909.56311   0.12217
 910.56244   0.12189
 911.56183   0.12161
 912.56122   0.12134
 913.56061   0.12106
 914.56000   0.12079
 915.55939   0.12051
 916.55878   0.12024
 917.55817   0.11996
 918.55756   0.11969
 919.55695   0.11942
 920.55634   0.11914
 921.55573   0.11887
 922.55518   0.11860
 923.55457   0.11832
 924.55396   0.11805
 925.55334   0.11778
 926.55273   0.11751
 927.55219   0.11724
 928.55157   0.11697
 929.55096   0.11670
 930.55035   0.11643
 931.58466   0.11611
 932.58405   0.11586
 933.58344   0.11561
 934.58282   0.11535
 935.58215   0.11510
 936.58154   0.11484
 937.58093   0.11458
 938.58032   0.11432
 939.57971   0.11406
 940.57910   0.11380
 941.57849   0.11354
 942.57782   0.11329
 943.57721   0.11303
 944.57660   0.11277
 945.57599   0.11251
 946.57538   0.11226
 947.57483   0.11200
 948.57422   0.11174
 949.57361   0.11148
 950.57300   0.11122
 951.57239   0.11097
 952.57178   0.11071
 953.57117   0.11045
 954.57056   0.11020
 955.57001   0.10994
 956.56940   0.10969
 957.56879   0.10943
 958.56818   0.10918
 959.60254   0.10888
 960.60187   0.10865
 961.60126   0.10841
 962.60065   0.10817
 963.60004   0.10793
 964.59943   0.10769
 965.59875   0.10745
 966.59814   0.10721
 967.59753   0.10696
 968.59692   0.10672
 969.59631   0.10648
 970.59570   0.10624
 971.59509   0.10600
 972.59448   0.10576
 973.59387   0.10552
 974.59326   0.10528
 975.59265   0.10504
 976.59204   0.10480
 977.59143   0.10456
 978.59082   0.10432
 979.59021   0.10408
 980.58960   0.10384
 981.58899   0.10361
 982.58844   0.10337
 983.58783   0.10313
 984.58722   0.10290
 985.58661   0.10266
 986.58606   0.10242
 987.58545   0.10219
 988.61975   0.10191
 989.61914   0.10170
 990.61847   0.10148
 991.61786   0.10126
 992.61725   0.10104
 993.61664   0.10082
 994.61603   0.10059
 995.61542   0.10037
 996.61475   0.10014
 997.61414   0.09992
 998.61353   0.09970
 999.61292   0.09948
1000.61230   0.09926
1001.61169   0.09903
1002.61108   0.09881
1003.61047   0.09859
1004.60986   0.09837
1005.60925   0.09815
1006.60864   0.09793
1007.60803   0.09770
1008.60748   0.09748
1009.60687   0.09726
1010.60626   0.09704
1011.60565   0.09682
1012.60504   0.09660
1013.60443   0.09638
1014.60388   0.09616
1015.60327   0.09594
1016.60266   0.09573
1017.63696   0.09547
1018.63635   0.09527
1019.63574   0.09507
1020.63507   0.09486
1021.63446   0.09465
1022.63385   0.09444
1023.63324   0.09423
1024.63257   0.09402
1025.63196   0.09381
1026.63135   0.09359
1027.63074   0.09338
1028.63013   0.09317
1029.62952   0.09296
1030.62891   0.09275
1031.62830   0.09254
1032.62769   0.09233
1033.62708   0.09212
1034.62646   0.09191
1035.62585   0.09169
1036.62524   0.09148
1037.62463   0.09127
1038.62415   0.09106
1039.62354   0.09085
1040.62292   0.09064
1041.62231   0.09043
1042.62170   0.09022
1043.62109   0.09001
1044.62048   0.08980
1045.65479   0.08956
1046.65417   0.08937
1047.65356   0.08917
1048.65295   0.08897
1049.65234   0.08877
1050.65173   0.08857
1051.65112   0.08837
1052.65051   0.08817
1053.64990   0.08796
1054.64917   0.08776
1055.64856   0.08756
1056.64795   0.08735
1057.64734   0.08715
1058.64673   0.08695
1059.64612   0.08674
1060.64551   0.08654
1061.64490   0.08634
1062.64429   0.08614
1063.64368   0.08593
1064.64319   0.08573
1065.64258   0.08553
1066.64197   0.08533
1067.64136   0.08513
1068.64075   0.08493
1069.64014   0.08473
1070.63953   0.08453
1071.63892   0.08432
1072.63831   0.08412
1073.63770   0.08393
1074.67200   0.08370
1075.67139   0.08351
1076.67078   0.08333
1077.67017   0.08314
1078.66956   0.08294
1079.66895   0.08275
1080.66833   0.08256
1081.66772   0.08237
1082.66711   0.08217
1083.66650   0.08198
1084.66589   0.08179
1085.66528   0.08160
1086.66467   0.08141
1087.66406   0.08121
1088.66345   0.08102
1089.66284   0.08083
1090.66223   0.08064
1091.66162   0.08045
1092.66101   0.08026
1093.66040   0.08007
1094.65979   0.07987
1095.65918   0.07968
1096.65857   0.07949
1097.65796   0.07930
1098.65735   0.07912
1099.65674   0.07893
1100.65613   0.07874
1101.65552   0.07855
1102.65503   0.07836
1103.68921   0.07814
1104.68860   0.07797
1105.68799   0.07780
1106.68738   0.07762
1107.68677   0.07743
1108.68616   0.07725
1109.68555   0.07707
1110.68494   0.07688
1111.68433   0.07670
1112.68372   0.07652
1113.68311   0.07634
1114.68250   0.07615
1115.68188   0.07597
1116.68127   0.07579
1117.68066   0.07560
1118.68005   0.07542
1119.67944   0.07524
1120.67883   0.07505
1121.67822   0.07487
1122.67761   0.07469
1123.67700   0.07450
1124.67639   0.07432
1125.67578   0.07414
1126.67517   0.07396
1127.67456   0.07378
1128.67395   0.07360
1129.67346   0.07342
1130.67285   0.07324
1131.70715   0.07304
1132.70654   0.07288
1133.70581   0.07271
1134.70520   0.07254
1135.70459   0.07236
1136.70398   0.07219
1137.70337   0.07202
1138.70276   0.07184
1139.70215   0.07167
1140.70154   0.07150
1141.70093   0.07132
1142.70032   0.07115
1143.69971   0.07098
1144.69910   0.07080
1145.69849   0.07063
1146.69788   0.07046
1147.69727   0.07029
1148.69666   0.07012
1149.69604   0.06995
1150.69543   0.06978
1151.69482   0.06961
1152.69421   0.06944
1153.69360   0.06927
1154.69299   0.06910
1155.69238   0.06893
1156.69189   0.06876
1157.69128   0.06860
1158.69067   0.06843
1159.69006   0.06826
1160.72437   0.06807
1161.72375   0.06791
1162.72314   0.06776
1163.72253   0.06760
1164.72180   0.06744
1165.72119   0.06728
1166.72058   0.06712
1167.71997   0.06696
1168.71936   0.06679
1169.71875   0.06663
1170.71814   0.06647
1171.71753   0.06631
1172.71692   0.06615
1173.71631   0.06599
1174.71570   0.06583
1175.71509   0.06567
1176.71448   0.06551
1177.71387   0.06535
1178.71326   0.06519
1179.71265   0.06503
1180.71204   0.06487
1181.71143   0.06471
1182.71082   0.06455
1183.71033   0.06439
1184.70972   0.06424
1185.70911   0.06408
1186.70850   0.06392
1187.70789   0.06376
1188.70728   0.06360
1189.74158   0.06342
1190.74097   0.06328
1191.74036   0.06313
1192.73975   0.06298
1193.73914   0.06283
1194.73853   0.06267
1195.73779   0.06252
1196.73718   0.06237
1197.73657   0.06221
1198.73596   0.06206
1199.73535   0.06191
1200.73474   0.06175
1201.73413   0.06160
1202.73352   0.06145
1203.73291   0.06129
1204.73230   0.06114
1205.73169   0.06099
1206.73108   0.06084
1207.73047   0.06069
1208.72986   0.06053
1209.72925   0.06038
1210.72876   0.06023
1211.72815   0.06008
1212.72754   0.05993
1213.72693   0.05978
1214.72632   0.05963
1215.72571   0.05948
1216.72510   0.05934
1217.75940   0.05917
1218.75879   0.05903
1219.75818   0.05889
1220.75757   0.05875
1221.75696   0.05861
1222.75635   0.05847
1223.75574   0.05833
1224.75513   0.05818
1225.75452   0.05804
1226.75391   0.05790
1227.75317   0.05776
1228.75256   0.05762
1229.75195   0.05748
1230.75134   0.05734
1231.75073   0.05720
1232.75012   0.05706
1233.74951   0.05692
1234.74890   0.05678
1235.74841   0.05664
1236.74780   0.05650
1237.74719   0.05636
1238.74658   0.05622
1239.74597   0.05608
1240.74536   0.05594
1241.74475   0.05581
1242.74414   0.05567
1243.74353   0.05553
1244.74292   0.05539
1245.74231   0.05526
1246.77661   0.05510
1247.77600   0.05498
1248.77539   0.05485
1249.77478   0.05472
1250.77417   0.05459
1251.77356   0.05445
1252.77295   0.05432
1253.77234   0.05419
1254.77173   0.05405
1255.77112   0.05392
1256.77051   0.05379
1257.76990   0.05365
1258.76929   0.05352
1259.76868   0.05339
1260.76807   0.05326
1261.76746   0.05313
1262.76685   0.05299
1263.76624   0.05286
1264.76563   0.05273
1265.76501   0.05260
1266.76440   0.05247
1267.76379   0.05234
1268.76318   0.05221
1269.76257   0.05208
1270.76196   0.05195
1271.76135   0.05182
1272.76074   0.05168
1273.76013   0.05156
1274.75964   0.05143
1275.79382   0.05128
1276.79321   0.05116
1277.79260   0.05104
1278.79199   0.05092
1279.79138   0.05079
1280.79077   0.05067
1281.79016   0.05054
1282.78955   0.05042
1283.78894   0.05029
1284.78833   0.05017
1285.78772   0.05005
1286.78711   0.04993
1287.78650   0.04980
1288.78589   0.04968
1289.78528   0.04956
1290.78467   0.04944
1291.78406   0.04931
1292.78345   0.04919
1293.78284   0.04907
1294.78223   0.04894
1295.78162   0.04882
1296.78101   0.04870
1297.78040   0.04858
1298.77979   0.04845
1299.77917   0.04833
1300.77856   0.04821
1301.77795   0.04809
1302.77747   0.04797
1303.81177   0.04783
1304.81116   0.04772
1305.81042   0.04760
1306.80981   0.04749
1307.80920   0.04737
1308.80859   0.04725
1309.80798   0.04713
1310.80737   0.04701
1311.80676   0.04689
1312.80615   0.04677
1313.80554   0.04665
1314.80493   0.04653
1315.80432   0.04642
1316.80371   0.04630
1317.80310   0.04618
1318.80249   0.04607
1319.80188   0.04595
1320.80127   0.04583
1321.80066   0.04572
1322.80005   0.04560
1323.79944   0.04548
1324.79883   0.04536
1325.79822   0.04525
1326.79761   0.04513
1327.79700   0.04502
1328.79651   0.04490
1329.79590   0.04479
1330.79529   0.04468
1331.79468   0.04457
1332.82898   0.04444
1333.82837   0.04433
1334.82776   0.04422
1335.82703   0.04412
1336.82642   0.04401
1337.82581   0.04390
1338.82520   0.04379
1339.82458   0.04368
1340.82397   0.04357
1341.82336   0.04346
1342.82275   0.04335
1343.82214   0.04325
1344.82153   0.04314
1345.82092   0.04303
1346.82031   0.04293
1347.81970   0.04282
1348.81909   0.04271
1349.81848   0.04261
1350.81787   0.04250
1351.81726   0.04239
1352.81665   0.04228
1353.81604   0.04218
1354.81543   0.04207
1355.81494   0.04197
1356.81433   0.04186
1357.81372   0.04176
1358.81311   0.04165
1359.81250   0.04155
1360.81189   0.04145
1361.84619   0.04133
1362.84558   0.04123
1363.84497   0.04113
1364.84436   0.04103
1365.84375   0.04093
1366.84302   0.04083
1367.84241   0.04073
1368.84180   0.04063
1369.84119   0.04054
1370.84058   0.04044
1371.83997   0.04034
1372.83936   0.04025
1373.83875   0.04015
1374.83813   0.04005
1375.83752   0.03996
1376.83691   0.03986
1377.83630   0.03977
1378.83569   0.03967
1379.83508   0.03957
1380.83447   0.03948
1381.83398   0.03938
1382.83337   0.03929
1383.83276   0.03919
1384.83215   0.03910
1385.83154   0.03901
1386.83093   0.03891
1387.83032   0.03882
1388.82971   0.03872
1389.86401   0.03862
1390.86340   0.03853
1391.86279   0.03844
1392.86218   0.03835
1393.86157   0.03826
1394.86096   0.03817
1395.86035   0.03808
1396.85974   0.03799
1397.85913   0.03790
1398.85852   0.03781
1399.85791   0.03772
1400.85718   0.03764
1401.85657   0.03755
1402.85596   0.03746
1403.85535   0.03738
1404.85474   0.03729
1405.85425   0.03721
1406.85364   0.03712
1407.85303   0.03704
1408.85242   0.03695
1409.85181   0.03687
1410.85120   0.03678
1411.85059   0.03670
1412.84998   0.03661
1413.84937   0.03653
1414.84875   0.03644
1415.84814   0.03636
1416.84753   0.03628
1417.84692   0.03619
1418.88123   0.03610
1419.88062   0.03602
1420.88000   0.03594
1421.87939   0.03586
1422.87878   0.03578
1423.87817   0.03569
1424.87756   0.03561
1425.87695   0.03553
1426.87634   0.03545
1427.87573   0.03537
1428.87512   0.03529
1429.87451   0.03521
1430.87390   0.03513
1431.87329   0.03505
1432.87268   0.03497
1433.87207   0.03490
1434.87146   0.03482
1435.87085   0.03474
1436.87024   0.03466
1437.86963   0.03458
1438.86902   0.03450
1439.86841   0.03443
1440.86780   0.03435
1441.86719   0.03427
1442.86658   0.03420
1443.86597   0.03412
1444.86536   0.03405
1445.86475   0.03397
1446.86414   0.03390
1447.89844   0.03381
1448.89783   0.03374
1449.89722   0.03367
1450.89661   0.03359
1451.89600   0.03352
1452.89539   0.03345
1453.89478   0.03337
1454.89417   0.03330
1455.89355   0.03323
1456.89294   0.03316
1457.89233   0.03309
1458.89172   0.03302
1459.89111   0.03294
1460.89050   0.03287
1461.88989   0.03280
1462.88928   0.03273
1463.88867   0.03266
1464.88806   0.03259
1465.88745   0.03251
1466.88684   0.03244
1467.88623   0.03237
1468.88562   0.03230
1469.88501   0.03223
1470.88440   0.03216
1471.88379   0.03209
1472.88318   0.03201
1473.88257   0.03194
1474.88208   0.03187
1475.91638   0.03179
1476.91565   0.03173
1477.91504   0.03166
1478.91443   0.03159
1479.91382   0.03153
1480.91321   0.03146
1481.91260   0.03139
1482.91199   0.03132
1483.91138   0.03125
1484.91077   0.03118
1485.91016   0.03112
1486.90955   0.03105
1487.90894   0.03098
1488.90833   0.03092
1489.90771   0.03085
1490.90710   0.03078
1491.90649   0.03072
1492.90588   0.03065
1493.90527   0.03058
1494.90466   0.03051
1495.90405   0.03044
1496.90344   0.03038
1497.90283   0.03031
1498.90222   0.03024
1499.90161   0.03018
1500.90112   0.03011
1501.90051   0.03004
1502.89990   0.02997
1503.89929   0.02991
1504.93359   0.02983
1505.93298   0.02977
1506.93237   0.02971
1507.93164   0.02965
1508.93103   0.02958
1509.93042   0.02952
1510.92981   0.02945
1511.92920   0.02939
1512.92859   0.02932
1513.92798   0.02926
1514.92737   0.02920
1515.92676   0.02913
1516.92615   0.02907
1517.92554   0.02901
1518.92493   0.02894
1519.92432   0.02888
1520.92371   0.02882
1521.92310   0.02875
1522.92249   0.02869
1523.92188   0.02863
1524.92126   0.02856
1525.92065   0.02850
1526.92004   0.02844
1527.91956   0.02838
1528.91895   0.02831
1529.91833   0.02825
1530.91772   0.02819
1531.91711   0.02812
1532.95142   0.02806
1533.95081   0.02800
1534.95020   0.02794
1535.94958   0.02788
1536.94897   0.02782
1537.94836   0.02776
1538.94763   0.02769
1539.94702   0.02763
1540.94641   0.02757
1541.94580   0.02751
1542.94519   0.02745
1543.94458   0.02739
1544.94397   0.02733
1545.94336   0.02727
1546.94275   0.02721
1547.94214   0.02715
1548.94153   0.02709
1549.94092   0.02703
1550.94031   0.02697
1551.93970   0.02690
1552.93921   0.02684
1553.93860   0.02678
1554.93799   0.02672
1555.93738   0.02666
1556.93677   0.02660
1557.93616   0.02654
1558.93555   0.02648
1559.93494   0.02642
1560.93433   0.02636
1561.96863   0.02630
1562.96802   0.02624
1563.96741   0.02619
1564.96680   0.02613
1565.96619   0.02607
1566.96558   0.02601
1567.96497   0.02595
1568.96436   0.02589
1569.96375   0.02584
1570.96313   0.02578
1571.96252   0.02572
1572.96191   0.02566
1573.96130   0.02561
1574.96069   0.02555
1575.96008   0.02549
1576.95947   0.02544
1577.95886   0.02538
1578.95825   0.02532
1579.95764   0.02526
1580.95703   0.02521
1581.95642   0.02515
1582.95581   0.02509
1583.95520   0.02504
1584.95459   0.02498
1585.95398   0.02493
1586.95337   0.02487
1587.95276   0.02481
1588.95215   0.02476
1589.95154   0.02470
1590.98584   0.02464
1591.98523   0.02459
1592.98462   0.02453
1593.98401   0.02448
1594.98340   0.02443
1595.98279   0.02437
1596.98218   0.02432
1597.98157   0.02426
1598.98096   0.02421
1599.98035   0.02415
1600.97974   0.02410
1601.97913   0.02405
1602.97852   0.02399
1603.97791   0.02394
1604.97729   0.02388
1605.97668   0.02383
1606.97607   0.02378
1607.97546   0.02372
1608.97485   0.02367
1609.97424   0.02361
1610.97363   0.02356
1611.97302   0.02351
1612.97241   0.02345
1613.97180   0.02340
1614.97119   0.02335
1615.97058   0.02330
1616.96997   0.02325
1617.96936   0.02320
1619.00366   0.02314
1620.00305   0.02309
1621.00244   0.02304
1622.00183   0.02299
1623.00122   0.02294
1624.00061   0.02289
1625.00000   0.02284
1625.99939   0.02279
1626.99878   0.02274
1627.99817   0.02270
1628.99756   0.02265
1629.99695   0.02260
1630.99634   0.02255
1631.99573   0.02250
1632.99512   0.02246
1633.99451   0.02241
1634.99390   0.02236
1635.99329   0.02231
1636.99268   0.02227
1637.99207   0.02222
1638.99146   0.02217
1639.99084   0.02212
1640.99023   0.02208
1641.98962   0.02203
1642.98901   0.02199
1643.98840   0.02194
1644.98779   0.02190
1645.98718   0.02185
1646.98669   0.02181
1648.02087   0.02176
1649.02026   0.02172
1650.01965   0.02167
1651.01904   0.02163
1652.01843   0.02158
1653.01782   0.02154
1654.01721   0.02150
1655.01660   0.02145
1656.01599   0.02141
1657.01538   0.02137
1658.01477   0.02132
1659.01416   0.02128
1660.01355   0.02123
1661.01294   0.02119
1662.01233   0.02115
1663.01172   0.02111
1664.01111   0.02106
1665.01050   0.02102
1666.00989   0.02098
1667.00928   0.02093
1668.00867   0.02089
1669.00806   0.02085
1670.00745   0.02081
1671.00684   0.02077
1672.00623   0.02072
1673.00574   0.02068
1674.00513   0.02064
1675.00452   0.02060
1676.00391   0.02056
1677.03821   0.02051
1678.03760   0.02048
1679.03699   0.02044
1680.03625   0.02039
1681.03564   0.02035
1682.03503   0.02031
1683.03442   0.02027
1684.03381   0.02023
1685.03320   0.02019
1686.03259   0.02015
1687.03198   0.02011
1688.03137   0.02007
1689.03076   0.02003
1690.03015   0.01999
1691.02954   0.01995
1692.02893   0.01991
1693.02832   0.01987
1694.02771   0.01983
1695.02710   0.01979
1696.02649   0.01976
1697.02588   0.01972
1698.02527   0.01968
1699.02478   0.01964
1700.02417   0.01960
1701.02356   0.01956
1702.02295   0.01952
1703.02234   0.01949
1704.02173   0.01945
1705.05603   0.01941
1706.05542   0.01937
1707.05481   0.01933
1708.05420   0.01930
1709.05359   0.01926
1710.05298   0.01922
1711.05237   0.01919
1712.05164   0.01915
1713.05103   0.01911
1714.05042   0.01908
1715.04980   0.01904
1716.04919   0.01900
1717.04858   0.01897
1718.04797   0.01893
1719.04736   0.01889
1720.04675   0.01886
1721.04614   0.01882
1722.04553   0.01878
1723.04492   0.01875
1724.04443   0.01871
1725.04382   0.01868
1726.04321   0.01864
1727.04260   0.01860
1728.04199   0.01857
1729.04138   0.01853
1730.04077   0.01850
1731.04016   0.01846
1732.03955   0.01843
1733.03894   0.01839
1734.07324   0.01836
1735.07263   0.01832
1736.07202   0.01829
1737.07141   0.01826
1738.07080   0.01822
1739.07019   0.01819
1740.06958   0.01815
1741.06897   0.01812
1742.06836   0.01809
1743.06775   0.01805
1744.06714   0.01802
1745.06653   0.01798
1746.06592   0.01795
1747.06531   0.01791
1748.06470   0.01788
1749.06409   0.01784
1750.06348   0.01781
1751.06287   0.01777
1752.06226   0.01774
1753.06165   0.01770
1754.06104   0.01767
1755.06042   0.01763
1756.05981   0.01760
1757.05920   0.01757
1758.05859   0.01753
1759.05798   0.01750
1760.05737   0.01746
1761.05676   0.01743
1762.05615   0.01740
1763.09045   0.01736
1764.08984   0.01733
1765.08923   0.01729
1766.08862   0.01726
1767.08801   0.01723
1768.08740   0.01719
1769.08679   0.01716
1770.08618   0.01713
1771.08557   0.01709
1772.08496   0.01706
1773.08435   0.01702
1774.08374   0.01699
1775.08313   0.01695
1776.08252   0.01692
1777.08191   0.01689
1778.08130   0.01685
1779.08069   0.01682
1780.08008   0.01678
1781.07947   0.01675
1782.07886   0.01672
1783.07825   0.01668
1784.07764   0.01665
1785.07703   0.01662
1786.07642   0.01658
1787.07581   0.01655
1788.07520   0.01652
1789.07458   0.01649
1790.07397   0.01645
1791.10828   0.01642
1792.10767   0.01639
1793.10706   0.01636
1794.10645   0.01632
1795.10583   0.01629
1796.10522   0.01626
1797.10461   0.01623
1798.10400   0.01620
1799.10339   0.01617
1800.10278   0.01614
1801.10217   0.01610
1802.10156   0.01607
1803.10095   0.01604
1804.10034   0.01601
1805.09973   0.01598
1806.09912   0.01595
1807.09851   0.01592
1808.09790   0.01589
1809.09729   0.01586
1810.09668   0.01583
1811.09607   0.01580
1812.09546   0.01577
1813.09485   0.01574
1814.09424   0.01571
1815.09363   0.01568
1816.09302   0.01565
1817.09241   0.01562
1818.09180   0.01560
1819.09131   0.01557
1820.12549   0.01554
1821.12488   0.01551
1822.12427   0.01548
1823.12366   0.01545
1824.12305   0.01542
1825.12244   0.01540
1826.12183   0.01537
1827.12122   0.01534
1828.12061   0.01531
1829.12000   0.01528
1830.11938   0.01525
1831.11877   0.01523
1832.11816   0.01520
1833.11755   0.01517
1834.11694   0.01514
1835.11633   0.01511
1836.11572   0.01508
1837.11511   0.01506
1838.11450   0.01503
1839.11389   0.01500
1840.11328   0.01497
1841.11267   0.01495
1842.11206   0.01492
1843.11145   0.01489
1844.11084   0.01487
1845.11035   0.01484
1846.10974   0.01481
1847.10913   0.01479
1848.10852   0.01476
1849.14282   0.01473
1850.14221   0.01471
1851.14148   0.01468
1852.14087   0.01465
1853.14026   0.01463
1854.13965   0.01460
1855.13904   0.01458
1856.13843   0.01455
1857.13782   0.01453
1858.13721   0.01450
1859.13660   0.01448
1860.13599   0.01445
1861.13538   0.01442
1862.13477   0.01440
1863.13416   0.01437
1864.13354   0.01435
1865.13293   0.01432
1866.13232   0.01430
1867.13171   0.01427
1868.13110   0.01425
1869.13049   0.01422
1870.12988   0.01420
1871.12939   0.01418
1872.12878   0.01415
1873.12817   0.01413
1874.12756   0.01410
1875.12695   0.01408
1876.12634   0.01406
1877.16064   0.01403
1878.16003   0.01401
1879.15942   0.01398
1880.15881   0.01396
1881.15820   0.01393
1882.15759   0.01391
1883.15698   0.01389
1884.15625   0.01386
1885.15564   0.01384
1886.15503   0.01382
1887.15442   0.01379
1888.15381   0.01377
1889.15320   0.01374
1890.15259   0.01372
1891.15198   0.01369
1892.15137   0.01367
1893.15076   0.01365
1894.15015   0.01362
1895.14966   0.01360
1896.14905   0.01357
1897.14844   0.01355
1898.14783   0.01352
1899.14722   0.01350
1900.14661   0.01348
1901.14600   0.01345
1902.14539   0.01343
1903.14478   0.01341
1904.14417   0.01338
1905.14355   0.01336
1906.17786   0.01333
1907.17725   0.01331
1908.17664   0.01329
1909.17603   0.01327
1910.17542   0.01324
1911.17480   0.01322
1912.17419   0.01320
1913.17358   0.01318
1914.17297   0.01315
1915.17236   0.01313
1916.17175   0.01311
1917.17114   0.01308
1918.17053   0.01306
1919.16992   0.01304
1920.16931   0.01302
1921.16870   0.01299
1922.16809   0.01297
1923.16748   0.01295
1924.16687   0.01292
1925.16626   0.01290
1926.16565   0.01288
1927.16504   0.01286
1928.16443   0.01283
1929.16382   0.01281
1930.16321   0.01279
1931.16260   0.01277
1932.16199   0.01274
1933.16138   0.01272
1934.16077   0.01270
1935.19507   0.01268
1936.19446   0.01266
1937.19385   0.01263
1938.19324   0.01261
1939.19263   0.01259
1940.19202   0.01257
1941.19141   0.01255
1942.19080   0.01253
1943.19019   0.01251
1944.18958   0.01248
1945.18896   0.01246
1946.18835   0.01244
1947.18774   0.01242
1948.18713   0.01240
1949.18652   0.01238
1950.18591   0.01236
1951.18530   0.01234
1952.18469   0.01232
1953.18408   0.01229
1954.18347   0.01227
1955.18286   0.01226
1956.18225   0.01224
1957.18164   0.01222
1958.18103   0.01220
1959.18042   0.01218
1960.17981   0.01216
1961.17920   0.01214
1962.17859   0.01212
1963.21289   0.01210
1964.21228   0.01208
1965.21167   0.01206
1966.21106   0.01204
1967.21045   0.01202
1968.20984   0.01200
1969.20923   0.01198
1970.20862   0.01196
1971.20801   0.01194
1972.20740   0.01193
1973.20679   0.01191
1974.20618   0.01189
1975.20557   0.01187
1976.20496   0.01185
1977.20435   0.01183
1978.20374   0.01181
1979.20313   0.01179
1980.20251   0.01177
1981.20190   0.01175
1982.20129   0.01173
1983.20068   0.01171
1984.20007   0.01169
1985.19946   0.01168
1986.19885   0.01166
1987.19824   0.01164
1988.19763   0.01162
1989.19702   0.01160
1990.19653   0.01158
1991.19592   0.01157
1992.23010   0.01154
1993.22949   0.01153
1994.22888   0.01151
1995.22827   0.01149
1996.22766   0.01147
1997.22705   0.01145
1998.22644   0.01143
1999.22583   0.01141
2000.22522   0.01140
2001.22461   0.01138
2002.22400   0.01136
2003.22339   0.01134
2004.22278   0.01132
2005.22217   0.01130
2006.22156   0.01128
2007.22095   0.01127
2008.22034   0.01125
2009.21973   0.01123
2010.21912   0.01121
2011.21851   0.01119
2012.21790   0.01118
2013.21729   0.01116
2014.21667   0.01114
2015.21606   0.01112
2016.21545   0.01111
2017.21497   0.01109
2018.21436   0.01107
2019.21375   0.01106
2020.21313   0.01104
2021.24744   0.01102
2022.24683   0.01100
2023.24609   0.01099
2024.24548   0.01097
2025.24487   0.01095
2026.24426   0.01093
2027.24365   0.01092
2028.24304   0.01090
2029.24243   0.01088
2030.24182   0.01087
2031.24121   0.01085
2032.24060   0.01083
2033.23999   0.01081
2034.23938   0.01080
2035.23877   0.01078
2036.23816   0.01076
2037.23755   0.01075
2038.23694   0.01073
2039.23633   0.01071
2040.23572   0.01070
2041.23511   0.01068
2042.23462   0.01066
2043.23401   0.01065
2044.23340   0.01063
2045.23279   0.01062
2046.23218   0.01060
2047.23157   0.01059
2048.23096   0.01057
2049.26514   0.01055
2050.26465   0.01054
2051.26392   0.01052
2052.26343   0.01051
2053.26270   0.01049
2054.26221   0.01048
2055.26147   0.01046
2056.26099   0.01045
2057.26025   0.01043
2058.25977   0.01042
2059.25903   0.01040
2060.25854   0.01039
2061.25781   0.01037
2062.25732   0.01036
2063.25659   0.01034
2064.25610   0.01033
2065.25537   0.01031
2066.25488   0.01030
2067.25415   0.01028
2068.25366   0.01027
2069.25293   0.01025
2070.25244   0.01024
2071.25171   0.01022
2072.25122   0.01021
2073.25049   0.01019
2074.25000   0.01018
2075.24927   0.01016
2076.24878   0.01015
2077.24829   0.01013
2078.28247   0.01012
2079.28174   0.01011
2080.28125   0.01009
2081.28052   0.01008
2082.28003   0.01006
2083.27930   0.01005
2084.27881   0.01004
2085.27808   0.01002
2086.27759   0.01001
2087.27686   0.00999
2088.27637   0.00998
2089.27563   0.00996
2090.27515   0.00995
2091.27441   0.00993
2092.27393   0.00992
2093.27319   0.00990
2094.27271   0.00989
2095.27197   0.00987
2096.27148   0.00986
2097.27075   0.00985
2098.27026   0.00983
2099.26953   0.00982
2100.26904   0.00980
2101.26831   0.00979
2102.26782   0.00978
2103.26733   0.00976
2104.26660   0.00975
2105.26611   0.00974
2106.26538   0.00972
2107.29980   0.00971
2108.29907   0.00970
2109.29834   0.00969
2110.29785   0.00967
2111.29712   0.00966
2112.29663   0.00965
2113.29590   0.00964
2114.29541   0.00962
2115.29468   0.00961
2116.29419   0.00960
2117.29346   0.00959
2118.29297   0.00957
2119.29224   0.00956
2120.29175   0.00955
2121.29102   0.00953
2122.29053   0.00952
2123.28979   0.00951
2124.28931   0.00949
2125.28857   0.00948
2126.28809   0.00947
2127.28735   0.00946
2128.28687   0.00944
2129.28638   0.00943
2130.28564   0.00942
2131.28516   0.00941
2132.28442   0.00939
2133.28394   0.00938
2134.28320   0.00937
2135.31763   0.00936
2136.31689   0.00935
2137.31641   0.00933
2138.31567   0.00932
2139.31519   0.00931
2140.31445   0.00930
2141.31396   0.00929
2142.31323   0.00927
2143.31274   0.00926
2144.31201   0.00925
2145.31128   0.00924
2146.31079   0.00923
2147.31006   0.00921
2148.30957   0.00920
2149.30884   0.00919
2150.30835   0.00918
2151.30786   0.00917
2152.30713   0.00915
2153.30664   0.00914
2154.30591   0.00913
2155.30542   0.00912
2156.30469   0.00911
2157.30420   0.00910
2158.30347   0.00908
2159.30298   0.00907
2160.30225   0.00906
2161.30176   0.00905
2162.30103   0.00904
2163.30054   0.00903
2164.33472   0.00902
2165.33423   0.00901
2166.33350   0.00900
2167.33301   0.00899
2168.33228   0.00897
2169.33179   0.00896
2170.33105   0.00895
2171.33057   0.00894
2172.32983   0.00893
2173.32935   0.00892
2174.32861   0.00891
2175.32813   0.00890
2176.32739   0.00889
2177.32690   0.00888
2178.32617   0.00887
2179.32568   0.00886
2180.32495   0.00885
2181.32446   0.00883
2182.32373   0.00882
2183.32324   0.00881
2184.32251   0.00880
2185.32202   0.00879
2186.32129   0.00878
2187.32080   0.00877
2188.32007   0.00876
2189.31958   0.00875
2190.31885   0.00874
2191.31836   0.00873
2192.31763   0.00872
2193.35205   0.00871
2194.35132   0.00870
2195.35083   0.00869
2196.35010   0.00868
2197.34961   0.00867
2198.34888   0.00866
2199.34839   0.00865
2200.34766   0.00864
2201.34717   0.00863
2202.34644   0.00862
2203.34595   0.00861
2204.34521   0.00860
2205.34473   0.00859
2206.34399   0.00858
2207.34351   0.00857
2208.34277   0.00856
2209.34229   0.00855
2210.34155   0.00854
2211.34106   0.00853
2212.34033   0.00852
2213.33984   0.00851
2214.33911   0.00850
2215.33862   0.00849
2216.33789   0.00849
2217.33740   0.00848
2218.33667   0.00847
2219.33618   0.00846
2220.33545   0.00845
2221.36987   0.00844
2222.36914   0.00843
2223.36865   0.00842
2224.36792   0.00841
2225.36743   0.00840
2226.36670   0.00840
2227.36621   0.00839
2228.36548   0.00838
2229.36499   0.00837
2230.36426   0.00836
2231.36377   0.00835
2232.36304   0.00834
2233.36255   0.00833
2234.36182   0.00832
2235.36133   0.00831
2236.36060   0.00830
2237.36011   0.00829
2238.35938   0.00828
2239.35889   0.00827
2240.35815   0.00826
2241.35767   0.00825
2242.35693   0.00824
2243.35645   0.00823
2244.35571   0.00822
2245.35522   0.00821
2246.35449   0.00820
2247.35400   0.00819
2248.35352   0.00819
2249.35278   0.00818
2250.38696   0.00817
2251.38647   0.00816
2252.38574   0.00815
2253.38525   0.00814
2254.38452   0.00813
2255.38403   0.00813
2256.38330   0.00812
2257.38281   0.00811
2258.38208   0.00810
2259.38159   0.00809
2260.38086   0.00808
2261.38037   0.00807
2262.37964   0.00806
2263.37915   0.00805
2264.37842   0.00804
2265.37793   0.00803
2266.37720   0.00802
2267.37671   0.00801
2268.37598   0.00800
2269.37549   0.00799
2270.37476   0.00798
2271.37427   0.00797
2272.37354   0.00797
2273.37305   0.00796
2274.37256   0.00795
2275.37183   0.00794
2276.37134   0.00793
2277.37061   0.00792
2278.40503   0.00791
2279.40430   0.00791
2280.40381   0.00790
2281.40308   0.00789
2282.40234   0.00788
2283.40186   0.00787
2284.40112   0.00787
2285.40063   0.00786
2286.39990   0.00785
2287.39941   0.00784
2288.39868   0.00783
2289.39819   0.00782
2290.39746   0.00781
2291.39697   0.00780
2292.39624   0.00780
2293.39575   0.00779
2294.39502   0.00778
2295.39453   0.00777
2296.39380   0.00776
2297.39331   0.00775
2298.39258   0.00774
2299.39209   0.00774
2300.39160   0.00773
2301.39087   0.00772
2302.39038   0.00771
2303.38965   0.00770
2304.38916   0.00769
2305.38843   0.00769
2306.38794   0.00768
2307.42212   0.00767
2308.42163   0.00766
2309.42090   0.00765
2310.42041   0.00765
2311.41968   0.00764
2312.41919   0.00763
2313.41846   0.00762
2314.41797   0.00761
2315.41724   0.00760
2316.41675   0.00759
2317.41602   0.00759
2318.41553   0.00758
2319.41479   0.00757
2320.41431   0.00756
2321.41357   0.00755
2322.41309   0.00754
2323.41235   0.00754
2324.41187   0.00753
2325.41113   0.00752
2326.41064   0.00751
2327.40991   0.00750
2328.40942   0.00749
2329.40869   0.00749
2330.40820   0.00748
2331.40747   0.00747
2332.40698   0.00746
2333.40625   0.00746
2334.40576   0.00745
2335.40503   0.00744
2336.43945   0.00743
2337.43872   0.00743
2338.43823   0.00742
2339.43750   0.00741
2340.43701   0.00740
2341.43628   0.00740
2342.43579   0.00739
2343.43506   0.00738
2344.43457   0.00737
2345.43384   0.00736
2346.43335   0.00735
2347.43262   0.00734
2348.43213   0.00734
2349.43140   0.00733
2350.43091   0.00732
2351.43018   0.00731
2352.42969   0.00730
2353.42896   0.00730
2354.42847   0.00729
2355.42773   0.00728
2356.42725   0.00727
2357.42651   0.00726
2358.42603   0.00725
2359.42529   0.00725
2360.42480   0.00724
2361.42407   0.00723
2362.42358   0.00722
2363.42285   0.00722
2364.45728   0.00721
2365.45654   0.00720
2366.45605   0.00719
2367.45532   0.00719
2368.45483   0.00718
2369.45410   0.00717
2370.45361   0.00716
2371.45288   0.00715
2372.45239   0.00715
2373.45166   0.00714
2374.45117   0.00713
2375.45044   0.00712
2376.44995   0.00711
2377.44922   0.00711
2378.44873   0.00710
2379.44800   0.00709
2380.44751   0.00708
2381.44678   0.00708
2382.44629   0.00707
2383.44556   0.00706
2384.44507   0.00705
2385.44434   0.00705
2386.44385   0.00704
2387.44312   0.00703
2388.44263   0.00703
2389.44189   0.00702
2390.44141   0.00701
2391.44067   0.00701
2392.44019   0.00700
2393.47437   0.00699
2394.47388   0.00699
2395.47314   0.00698
2396.47266   0.00697
2397.47192   0.00696
2398.47144   0.00696
2399.47070   0.00695
2400.47021   0.00694
2401.46948   0.00693
2402.46899   0.00692
2403.46826   0.00692
2404.46777   0.00691
2405.46704   0.00690
2406.46655   0.00689
2407.46582   0.00689
2408.46533   0.00688
2409.46460   0.00687
2410.46411   0.00686
2411.46338   0.00686
2412.46289   0.00685
2413.46216   0.00684
2414.46167   0.00683
2415.46094   0.00683
2416.46045   0.00682
2417.45972   0.00681
2418.45923   0.00681
2419.45850   0.00680
2420.45801   0.00679
2421.45752   0.00678
2422.49170   0.00678
2423.49097   0.00677
2424.49048   0.00676
2425.48975   0.00676
2426.48926   0.00675
2427.48853   0.00674
2428.48804   0.00673
2429.48730   0.00673
2430.48682   0.00672
2431.48608   0.00671
2432.48560   0.00670
2433.48486   0.00670
2434.48438   0.00669
2435.48364   0.00668
2436.48315   0.00668
2437.48242   0.00667
2438.48193   0.00666
2439.48120   0.00665
2440.48071   0.00665
2441.47998   0.00664
2442.47949   0.00663
2443.47876   0.00662
2444.47827   0.00662
2445.47778   0.00661
2446.47705   0.00660
2447.47656   0.00660
2448.47583   0.00659
2449.47534   0.00658
2450.50952   0.00658
2451.50903   0.00657
2452.50830   0.00656
2453.50781   0.00656
2454.50708   0.00655
2455.50635   0.00654
2456.50586   0.00653
2457.50513   0.00653
2458.50464   0.00652
2459.50391   0.00651
2460.50342   0.00650
2461.50269   0.00650
2462.50220   0.00649
2462.50220   0.00649
2463.50146   0.00648
2464.50098   0.00647
2465.50024   0.00647
2466.49976   0.00646
2467.49902   0.00645
2468.49854   0.00645
2469.49780   0.00644
2470.49731   0.00643
2471.49683   0.00642
2472.49609   0.00642
2473.49561   0.00641
2474.49487   0.00641
2475.49438   0.00640
2476.49365   0.00639
2477.49316   0.00639
2478.52734   0.00638
2479.52686   0.00637
2480.52612   0.00636
2481.52563   0.00636
2482.52490   0.00635
2483.52441   0.00634
2484.52368   0.00633
2485.52319   0.00633
2486.52246   0.00632
2487.52197   0.00631
2488.52124   0.00630
2489.52075   0.00630
2490.52002   0.00629
2491.51953   0.00628
2492.51880   0.00627
2493.51831   0.00627
2494.51758   0.00626
2495.51709   0.00625
2496.51636   0.00624
2497.51587   0.00623
2498.51514   0.00623
