   0.00000   0.09321
   1.00000   0.08186
   2.00000   0.07258
   3.00000   0.06553
   4.00000   0.05994
   5.00000   0.05528
   6.00000   0.05127
   7.00000   0.04777
   8.00000   0.04465
   9.00000   0.04186
  10.00000   0.03933
  11.00000   0.03702
  12.00000   0.03491
  13.00000   0.03296
  14.00000   0.03115
  15.03330   0.02887
  16.03122   0.02740
  17.02939   0.02600
  18.02776   0.02468
  19.02630   0.02344
  20.02498   0.02228
  21.02380   0.02118
  22.02271   0.02016
  23.02173   0.01919
  24.02082   0.01828
  25.01999   0.01741
  26.01922   0.01660
  27.01851   0.01584
  28.01785   0.01511
  29.01724   0.01443
  30.01666   0.01378
  31.01612   0.01316
  32.01562   0.01257
  33.01515   0.01202
  34.01470   0.01149
  35.01428   0.01098
  36.01389   0.01050
  37.01351   0.01004
  38.01316   0.00961
  39.01282   0.00920
  40.01250   0.00880
  41.01219   0.00842
  42.01190   0.00807
  43.04649   0.00760
  44.04543   0.00729
  45.04442   0.00700
  46.04346   0.00671
  47.04253   0.00645
  48.04165   0.00619
  49.04080   0.00594
  50.03999   0.00571
  51.03920   0.00549
  52.03845   0.00527
  53.03772   0.00507
  54.03703   0.00487
  55.03635   0.00468
  56.03570   0.00451
  57.03508   0.00433
  58.03447   0.00417
  59.03389   0.00401
  60.03333   0.00386
  61.03278   0.00372
  62.03225   0.00358
  63.03174   0.00345
  64.03124   0.00332
  65.03076   0.00320
  66.03030   0.00308
  67.02985   0.00297
  68.02940   0.00287
  69.02898   0.00276
  70.02856   0.00267
  71.02816   0.00258
  72.06247   0.00245
  73.06161   0.00237
  74.06078   0.00228
  75.05997   0.00220
  76.05919   0.00213
  77.05842   0.00206
  78.05767   0.00199
  79.05694   0.00192
  80.05623   0.00186
  81.05553   0.00180
  82.05486   0.00174
  83.05420   0.00169
  84.05355   0.00163
  85.05293   0.00158
  86.05231   0.00153
  87.05171   0.00149
  88.05112   0.00144
  89.05054   0.00140
  90.04999   0.00136
  91.04944   0.00131
  92.04890   0.00128
  93.04838   0.00124
  94.04786   0.00120
  95.04736   0.00116
  96.04687   0.00112
  97.04638   0.00109
  98.04591   0.00106
  99.04544   0.00102
 100.04499   0.00100
 101.07918   0.00095
 102.07840   0.00092
 103.07764   0.00090
 104.07690   0.00087
 105.07616   0.00084
 106.07545   0.00082
 107.07474   0.00079
 108.07405   0.00077
 109.07337   0.00075
 110.07270   0.00073
 111.07205   0.00071
 112.07140   0.00069
 113.07078   0.00067
 114.07015   0.00065
 115.06954   0.00063
 116.06895   0.00061
 117.06836   0.00060
 118.06778   0.00058
 119.06721   0.00057
