   0.00000   0.20816
   1.00000   0.18534
   2.00000   0.16655
   3.00000   0.15223
   4.00000   0.14117
   5.00000   0.13223
   6.00000   0.12477
   7.00000   0.11837
   8.00000   0.11279
   9.00000   0.10786
  10.00000   0.10346
  11.00000   0.09950
  12.00000   0.09592
  13.00000   0.09265
  14.00000   0.08967
  15.03330   0.08591
  16.03122   0.08358
  17.02939   0.08134
  18.02776   0.07925
  19.02630   0.07730
  20.02498   0.07546
  21.02380   0.07374
  22.02271   0.07211
  23.02173   0.07058
  24.02082   0.06913
  25.01999   0.06776
  26.01922   0.06646
  27.01851   0.06523
  28.01785   0.06405
  29.01724   0.06293
  30.01666   0.06185
  31.01612   0.06083
  32.01562   0.05984
  33.01515   0.05889
  34.01470   0.05798
  35.01428   0.05710
  36.01389   0.05625
  37.01351   0.05543
  38.01316   0.05463
  39.01282   0.05387
  40.01250   0.05313
  41.01219   0.05241
  42.01190   0.05171
  43.04649   0.05078
  44.04543   0.05015
  45.04442   0.04953
  46.04346   0.04891
  47.04253   0.04832
  48.04165   0.04773
  49.04080   0.04716
  50.03999   0.04660
  51.03920   0.04605
  52.03845   0.04551
  53.03772   0.04498
  54.03703   0.04447
  55.03635   0.04396
  56.03570   0.04346
  57.03508   0.04297
  58.03447   0.04249
  59.03389   0.04202
  60.03333   0.04156
  61.03278   0.04110
  62.03225   0.04066
  63.03174   0.04021
  64.03124   0.03978
  65.03076   0.03935
  66.03030   0.03893
  67.02985   0.03851
  68.02940   0.03810
  69.02898   0.03770
  70.02856   0.03730
  71.02816   0.03691
  72.06247   0.03638
  73.06161   0.03602
  74.06078   0.03565
  75.05997   0.03529
  76.05919   0.03493
  77.05842   0.03458
  78.05767   0.03423
  79.05694   0.03388
  80.05623   0.03354
  81.05553   0.03320
  82.05486   0.03286
  83.05420   0.03253
  84.05355   0.03221
  85.05293   0.03188
  86.05231   0.03156
  87.05171   0.03125
  88.05112   0.03094
  89.05054   0.03063
  90.04999   0.03033
  91.04944   0.03003
  92.04890   0.02973
  93.04838   0.02944
  94.04786   0.02915
  95.04736   0.02886
  96.04687   0.02858
  97.04638   0.02829
  98.04591   0.02801
  99.04544   0.02773
 100.04499   0.02746
 101.07918   0.02709
 102.07840   0.02683
 103.07764   0.02658
 104.07690   0.02632
 105.07616   0.02607
 106.07545   0.02581
 107.07474   0.02556
 108.07405   0.02531
 109.07337   0.02506
 110.07270   0.02481
 111.07205   0.02457
 112.07140   0.02433
 113.07078   0.02409
 114.07015   0.02385
 115.06954   0.02362
 116.06895   0.02339
 117.06836   0.02316
 118.06778   0.02293
 119.06721   0.02271
